0, 1, 2, 3, 4, 5, 6, 7, 8, 9, 10, 11, 12, 13, 14, 15, 16, 17, 18, 19, 20, 21, 22, 23, 24, 25, 26, 27, 28, 29, 30, 31, 32, 33, 34, 35, 36, 37, 38, 39, 40, 41, 42, 43, 44, 45, 46, 47, 48, 49, 50, 51, 52, 53, 54, 55, 56, 57, 58, 59, 60, 61, 62, 63, 64, 65, 66, 67, 68, 69, 70, 71, 72, 73, 74, 75, 76, 77, 78, 79, 80, 81, 82, 83, 84, 85, 86, 87, 88, 89, 90, 91, 92, 93, 94, 95, 96, 97, 98, 99, 100, 101, 102, 103, 104, 105, 106, 107, 108, 109, 110, 111, 112, 113, 114, 115, 116, 117, 118, 119, 120, 121, 122, 123, 124, 125, 126, 127, 128, 129, 130, 131, 132, 133, 134, 135, 136, 137, 138, 139, 140, 141, 142, 143, 144, 145, 146, 147, 148, 149
0.000,74.159,72.178,64.920,73.906,71.294,77.847,76.100,66.466,62.583,85.138,140.304,99.859,99.436,102.552,110.361,104.279,167.213,174.407,160.700,172.615,179.346,179.923,170.638,154.120,183.594,175.929,196.773,198.289,195.333,185.974,178.769,184.783,183.262,191.070,176.719,177.763,178.553,182.945,182.604,179.788,183.385,180.674,179.244,187.246,184.796,189.861,194.183,191.815,189.899,192.151,189.552,191.198,187.544,191.201,194.145,195.033,190.739,187.565,171.311,179.170,173.005,200.000,198.064,200.000,198.348,198.134,198.348,200.000,170.109,166.499,176.489,173.029,168.867,182.926,181.849,176.376,162.869,170.472,180.080,180.592,178.773,174.936,182.647,166.288,161.793,161.351,153.781,162.649,198.170,195.606,193.058,198.379,192.787,193.792,194.475,190.726,195.228,190.490,190.687,196.054,152.203,153.679,147.179,146.687,147.114,141.656,154.319,151.592,160.353,147.860,151.671,149.055,155.874,154.683,155.414,155.973,171.663,177.070,174.298,175.806,176.780,172.781,177.004,176.817,170.988,174.367,171.205,175.266,176.992,175.839,178.221,175.101,175.456,173.062,152.781,200.000,196.678,191.282,172.366,170.525,171.583,170.295,170.938,170.368,177.442,174.186,189.992,189.712,194.249
74.159,0.000,62.512,64.023,73.338,56.684,57.780,75.332,61.982,54.964,57.753,128.663,97.860,99.258,102.385,98.097,97.719,160.717,162.573,161.287,164.585,166.313,167.271,165.709,150.858,175.001,170.536,189.945,191.140,186.818,179.242,169.143,172.299,174.770,175.780,165.390,166.937,165.432,173.062,175.218,171.530,171.906,165.703,165.292,173.671,182.190,187.432,187.239,186.356,186.280,187.805,185.970,187.075,184.242,185.578,187.356,185.410,178.782,178.122,162.845,164.510,161.282,192.208,188.555,190.449,186.885,188.447,186.988,192.208,162.552,162.451,162.880,161.775,154.576,166.080,170.079,163.736,155.530,159.038,165.127,166.746,165.142,160.629,166.548,159.654,157.515,154.835,152.742,167.989,190.272,186.138,186.630,187.508,186.238,185.194,186.702,184.680,187.634,182.445,183.619,187.558,156.237,155.206,153.622,155.799,155.435,152.738,151.548,157.991,160.450,150.098,159.039,148.594,156.295,155.295,152.380,149.638,172.414,173.210,172.187,172.862,175.730,172.620,175.140,173.725,169.193,173.603,172.399,173.591,170.003,172.605,178.401,177.308,172.002,171.684,165.178,192.053,191.248,184.117,165.427,163.033,163.767,160.880,163.463,171.299,176.101,171.764,181.692,180.754,186.306 
72.178,62.512,0.000,41.191,46.385,44.401,56.144,50.562,48.497,59.082,59.931,122.990,94.397,97.964,97.001,99.622,96.407,160.924,165.028,152.564,154.898,164.875,169.015,165.420,147.001,175.315,167.616,191.067,190.915,183.291,169.591,167.316,166.470,171.910,172.359,163.062,161.237,162.366,169.871,172.743,167.395,170.454,162.192,162.335,170.521,171.264,175.957,179.179,175.010,176.269,177.857,174.603,177.883,173.545,175.259,178.306,184.814,185.805,177.839,149.571,159.048,152.044,191.781,186.449,190.623,188.371,187.860,186.518,191.781,157.051,160.125,160.385,161.704,154.567,167.336,167.512,164.326,149.692,152.940,161.838,157.496,163.499,159.314,159.777,153.112,154.392,144.938,134.842,156.127,189.750,186.844,182.032,188.356,181.482,181.811,184.929,179.449,187.460,175.170,176.556,185.835,133.560,137.834,136.288,138.613,136.317,135.797,135.769,138.702,144.041,131.808,141.314,131.560,137.261,138.757,136.608,139.102,166.479,171.767,169.631,173.211,168.457,171.211,173.330,172.818,168.082,170.851,168.076,170.308,170.337,171.338,174.546,172.126,171.855,170.669,147.243,191.608,190.848,184.428,163.964,159.748,161.838,162.016,160.872,164.539,166.216,166.585,180.563,180.251,185.918 
64.920,64.023,41.191,0.000,46.083,48.855,52.333,52.562,51.363,58.324,62.757,130.875,100.228,100.019,100.111,108.092,100.382,158.323,167.069,155.929,155.260,160.550,170.896,167.130,146.737,175.475,168.548,189.780,190.984,183.920,171.602,169.583,168.494,172.855,172.391,163.137,163.310,163.746,171.327,174.519,170.016,172.489,163.671,165.010,175.696,172.651,178.727,180.151,177.480,177.861,180.236,178.571,178.507,174.789,177.109,180.516,187.155,181.438,179.081,149.944,160.694,154.201,192.208,190.335,192.453,190.744,190.400,190.744,192.208,156.789,151.662,161.993,161.724,152.725,170.242,167.414,160.014,149.007,155.486,162.226,162.407,162.939,160.320,165.049,157.218,155.745,147.483,138.574,154.450,190.264,187.446,182.529,187.514,183.250,180.953,184.225,180.546,186.515,175.960,178.572,186.219,138.431,140.616,140.496,140.142,140.971,139.691,140.943,143.269,148.680,137.800,142.470,135.196,142.934,142.374,141.059,141.997,166.156,169.793,165.878,167.109,168.553,166.028,169.356,170.015,165.007,169.450,165.512,166.618,168.074,167.732,171.455,168.991,168.707,166.472,149.225,192.053,191.088,183.848,164.474,162.425,161.229,163.246,163.848,164.273,169.077,168.271,182.009,181.154,186.336 
73.906,73.338,46.385,46.083,0.000,52.870,52.708,50.638,49.939,63.557,68.048,124.169,98.400,95.191,96.337,102.022,102.029,158.472,167.273,158.374,157.472,159.620,169.810,165.017,147.669,177.705,172.638,192.857,191.683,185.581,171.949,169.084,170.652,173.282,173.600,162.655,162.822,163.581,173.492,174.371,170.866,171.868,163.457,163.752,172.552,173.679,178.379,181.385,178.722,179.058,180.277,176.991,180.799,175.483,177.051,181.763,184.337,181.369,179.102,149.657,159.499,154.567,192.308,190.450,190.750,189.097,190.528,189.153,192.308,156.569,158.315,159.121,164.437,152.014,166.203,166.045,161.853,143.504,155.844,160.873,159.595,163.186,157.586,161.440,153.625,151.571,143.512,133.413,157.005,190.393,189.403,185.464,189.012,182.989,183.277,186.345,181.480,188.564,178.770,179.817,188.578,137.636,135.985,136.628,135.385,132.186,130.128,135.402,137.105,143.872,134.823,140.480,127.406,139.993,133.316,137.102,137.602,167.059,173.517,168.189,172.591,173.062,171.506,169.876,172.198,169.139,170.472,168.850,170.516,171.146,171.463,174.105,172.145,173.365,168.783,145.378,192.157,191.660,182.323,165.157,161.752,161.781,164.140,162.183,165.535,169.478,168.803,183.334,182.320,186.486 
71.294,56.684,44.401,48.855,52.870,0.000,51.937,52.090,47.516,52.059,55.423,126.224,96.431,96.664,98.216,100.364,96.809,158.916,165.775,158.253,156.992,171.485,172.452,166.829,148.502,175.040,169.132,189.871,190.877,184.567,169.014,164.245,169.626,171.222,173.790,161.314,162.298,161.870,170.066,170.878,167.576,167.864,163.971,158.957,169.834,171.253,179.843,181.601,179.642,178.783,180.164,178.332,179.868,176.213,178.210,181.969,185.191,182.672,177.375,148.379,163.219,158.648,191.724,187.503,189.736,188.105,188.075,188.534,191.724,156.643,158.132,166.080,162.598,156.471,167.915,171.798,166.864,149.477,157.555,164.921,166.924,165.900,159.459,167.573,154.781,152.939,143.808,140.879,160.147,189.699,187.151,183.833,188.288,181.746,183.779,184.869,179.840,187.359,176.637,178.512,186.267,143.791,139.754,141.084,140.868,141.287,141.081,138.276,145.289,147.805,135.399,145.799,135.817,145.279,142.106,138.316,139.412,168.367,173.632,171.015,172.453,172.525,170.764,171.647,173.502,168.335,173.139,171.675,171.553,171.719,173.338,176.512,174.157,172.380,169.106,153.263,191.549,189.522,183.746,164.454,160.122,159.830,160.676,159.923,164.466,169.719,168.678,180.776,180.957,185.983 
77.847,57.780,56.144,52.333,52.708,51.937,0.000,51.783,57.771,66.985,63.258,123.969,100.237,99.084,100.121,104.898,101.085,158.398,171.347,160.528,160.102,161.849,173.643,169.308,153.932,177.142,174.678,191.889,190.736,183.147,174.731,169.242,171.081,174.024,174.065,162.961,162.221,164.423,173.190,172.340,170.270,172.785,164.409,164.017,172.806,174.599,181.670,183.118,183.001,180.852,183.688,180.669,183.521,180.985,181.473,184.383,187.216,182.892,178.143,154.263,157.552,153.286,191.276,189.246,191.542,189.841,189.216,189.841,191.276,159.171,159.409,159.949,160.057,151.677,163.171,163.465,161.057,144.575,155.381,161.504,162.086,164.411,159.208,162.219,151.121,154.460,143.276,138.335,163.875,190.574,189.524,186.556,189.341,182.743,181.894,186.049,182.656,187.180,180.977,179.915,189.071,147.304,142.734,141.158,142.321,144.238,141.607,138.038,145.096,148.046,136.610,145.040,135.908,147.860,140.350,143.848,141.613,171.880,176.930,174.226,178.804,176.524,175.665,177.438,177.610,175.349,176.629,177.365,177.290,177.416,175.341,181.988,180.891,178.778,175.567,156.336,192.308,190.934,185.051,168.219,164.650,164.631,164.857,164.116,168.267,168.543,174.254,182.288,181.092,185.731 
76.100,75.332,50.562,52.562,50.638,52.090,51.783,0.000,56.713,65.647,73.238,119.347,96.354,92.974,93.469,98.821,100.549,160.550,169.081,157.772,161.907,164.526,177.320,169.111,149.873,177.340,171.676,191.327,191.177,184.024,168.759,165.429,167.059,171.626,170.913,159.107,160.857,162.419,169.854,169.170,166.648,170.520,163.176,162.429,168.379,171.530,181.402,182.200,180.331,180.776,180.804,179.038,181.556,179.058,178.559,182.579,187.325,187.540,178.991,150.936,158.366,151.343,192.258,190.411,192.500,190.810,190.473,190.810,192.258,159.950,159.356,159.007,159.884,152.108,164.398,166.625,161.383,144.142,154.725,162.266,161.090,164.756,158.300,163.562,148.400,151.890,142.680,130.868,156.913,190.335,189.018,184.104,188.981,182.597,182.535,185.470,181.063,186.675,177.203,178.834,186.566,132.951,138.003,135.469,134.592,133.420,130.066,135.996,135.863,143.593,131.275,135.934,132.261,137.331,138.556,139.111,140.830,169.217,176.138,171.019,175.100,173.142,172.243,173.148,175.663,170.005,173.583,170.626,173.828,176.566,176.366,177.142,175.083,174.476,173.019,146.820,192.105,191.269,184.565,167.535,163.826,165.672,165.667,165.231,166.723,171.878,167.662,182.106,181.533,187.053 
66.466,61.982,48.497,51.363,49.939,47.516,57.771,56.713,0.000,61.307,65.484,133.912,95.976,96.446,98.860,99.746,96.094,159.420,168.192,160.081,165.001,171.265,173.531,167.991,148.970,176.495,169.316,193.216,193.461,187.585,174.260,170.472,174.579,176.500,179.699,168.752,168.201,170.252,175.400,175.627,172.437,173.888,170.960,169.149,174.711,176.350,181.226,182.408,180.098,182.589,182.847,179.664,181.508,178.819,179.496,183.619,186.883,185.761,181.221,153.715,168.474,167.440,194.262,192.448,194.436,192.804,192.506,192.804,194.262,163.590,160.870,171.461,170.017,160.872,175.200,175.824,167.629,157.595,159.677,168.291,171.674,171.174,168.763,173.932,160.423,158.238,151.319,143.789,157.929,192.400,186.555,183.779,187.954,186.429,183.845,184.915,183.429,187.040,178.076,181.247,187.852,141.956,143.615,142.399,145.415,140.327,138.473,145.429,146.628,152.443,138.586,147.989,137.603,147.715,142.999,145.270,148.385,168.307,172.363,167.407,172.717,170.505,172.918,171.263,173.928,168.669,173.497,169.722,170.128,173.191,173.889,176.402,173.101,173.225,170.263,151.377,194.153,191.542,186.983,164.665,162.262,162.126,162.177,163.928,166.456,173.308,170.067,184.463,183.072,188.672 
62.583,54.964,59.082,58.324,63.557,52.059,66.985,65.647,61.307,0.000,69.571,126.936,92.309,93.442,99.314,99.754,94.273,160.153,163.022,158.319,162.261,172.002,171.823,168.601,151.737,177.575,171.700,191.942,191.798,185.050,172.070,167.499,171.334,170.902,174.851,161.417,165.091,163.051,169.935,172.054,168.694,171.178,164.020,164.719,171.472,174.257,183.319,185.548,183.266,183.635,184.762,182.124,185.281,181.217,182.880,185.167,185.834,182.994,179.862,158.061,162.798,159.474,192.638,187.747,186.604,186.520,188.558,186.440,192.638,159.863,156.634,165.427,161.800,154.411,172.285,173.572,163.392,155.492,158.391,164.492,165.641,163.444,162.058,164.047,159.301,157.492,150.393,146.119,164.372,190.819,189.754,185.176,189.494,183.980,184.024,186.485,181.786,188.613,179.564,180.884,188.058,146.731,147.441,144.918,144.593,145.135,142.389,143.336,149.925,152.181,140.120,149.804,143.113,152.654,146.093,145.470,149.116,172.779,170.808,173.613,169.828,170.789,168.560,170.473,167.949,165.341,171.636,170.057,168.605,168.877,169.490,174.461,172.010,169.373,166.097,159.242,192.500,191.745,184.912,167.634,164.381,164.812,164.894,165.888,167.932,172.050,168.935,183.353,182.804,187.054 
85.138,57.753,59.931,62.757,68.048,55.423,63.258,73.238,65.484,69.571,0.000,138.945,107.133,107.571,108.462,108.290,105.924,163.539,161.553,155.034,159.040,173.205,173.934,165.224,154.923,174.633,170.883,189.853,189.611,182.303,168.800,167.610,173.081,173.857,176.416,163.025,166.817,166.371,170.697,171.608,169.831,171.168,167.926,167.200,171.608,170.321,178.282,181.307,177.456,177.147,178.252,176.792,177.679,175.266,177.816,180.446,182.234,181.212,176.820,148.696,168.392,164.243,191.304,187.656,189.698,187.736,187.796,187.736,191.304,161.039,159.301,169.746,167.586,156.897,175.574,170.896,164.916,163.926,159.237,168.152,170.547,169.695,167.868,173.099,170.963,168.131,160.724,156.603,169.953,189.156,186.592,182.056,187.820,180.866,182.096,185.298,179.661,186.765,178.198,177.281,185.630,164.389,162.610,162.158,165.834,168.206,165.077,157.098,170.185,169.161,156.757,167.791,160.823,165.285,165.255,160.597,157.756,173.786,173.120,170.775,171.954,173.471,171.440,173.812,172.597,169.584,174.190,173.551,173.833,171.438,172.565,176.653,174.249,173.140,172.993,167.599,191.111,190.648,183.177,167.861,166.297,168.817,163.086,167.708,168.886,169.086,176.257,181.026,180.475,185.715 
140.304,128.663,122.990,130.875,124.169,126.224,123.969,119.347,133.912,126.936,138.945,0.000,110.219,110.811,109.628,101.809,121.615,151.997,157.508,176.772,165.328,158.641,170.325,175.054,166.933,167.161,176.735,186.047,186.207,175.138,171.429,151.092,154.212,157.730,154.183,141.211,146.960,139.443,154.326,159.318,150.627,157.378,146.269,144.451,154.093,176.657,179.351,178.089,179.752,183.063,181.045,177.215,178.746,173.628,175.582,182.290,184.416,182.921,176.209,155.756,142.213,129.433,183.784,178.157,181.231,178.772,175.425,176.676,183.784,152.094,153.860,142.423,138.305,140.090,154.628,155.211,144.990,130.383,141.469,145.456,146.028,143.985,138.930,140.662,131.531,131.321,127.424,134.069,165.915,180.413,177.373,182.229,178.059,182.794,176.588,175.936,179.496,181.540,175.389,173.983,183.356,145.686,138.381,138.105,140.817,142.176,136.341,142.575,145.974,141.707,132.059,137.729,137.671,141.903,140.297,135.815,131.623,168.349,171.736,172.811,172.548,172.870,166.960,175.131,172.082,169.019,175.193,171.254,168.796,173.069,173.525,169.553,174.860,168.483,165.566,158.724,183.099,186.047,186.517,153.180,147.509,144.279,147.009,152.424,179.361,177.213,171.294,171.402,172.363,172.972 
99.859,97.860,94.397,100.228,98.400,96.431,100.237,96.354,95.976,92.309,107.133,110.219,0.000,54.619,57.915,56.131,65.304,162.603,160.467,168.085,183.479,178.204,172.542,174.493,158.803,179.359,175.502,193.875,193.743,190.348,186.837,161.028,163.444,166.010,167.651,157.577,157.601,156.942,165.082,166.234,164.689,164.543,152.513,156.725,169.127,186.611,188.774,188.553,188.082,187.980,188.102,187.136,188.331,186.676,186.902,188.901,190.937,188.312,179.476,158.107,150.862,144.108,194.373,188.023,186.277,184.783,190.962,185.835,194.373,165.245,154.441,157.458,153.317,157.753,163.740,166.520,157.043,140.938,150.474,154.929,157.921,163.139,158.038,158.402,147.126,144.151,142.512,125.514,163.257,193.003,187.759,188.594,190.321,188.140,178.574,185.122,186.489,185.105,187.592,186.536,190.793,134.065,134.894,130.037,139.071,129.284,127.507,126.373,139.624,139.825,128.580,132.709,128.133,133.048,133.989,135.083,138.603,171.539,181.216,175.894,177.922,177.559,177.392,180.099,179.217,175.877,180.977,178.698,179.438,182.146,179.543,183.461,181.547,179.983,178.784,155.286,194.266,193.599,193.766,166.780,165.875,167.327,164.363,165.998,175.148,179.657,175.844,183.346,182.918,188.856 
99.436,99.258,97.964,100.019,95.191,96.664,99.084,92.974,96.446,93.442,107.571,110.811,54.619,0.000,46.903,53.426,55.236,164.604,163.771,169.617,179.454,177.013,172.039,169.063,158.140,181.564,176.917,192.674,193.547,191.058,186.864,162.237,161.869,167.494,165.915,159.187,158.292,159.906,167.503,166.004,166.017,166.455,153.904,159.699,169.219,186.766,189.265,189.027,188.447,188.773,188.890,187.926,189.010,186.505,187.420,189.543,192.033,188.441,179.560,153.514,152.937,146.804,194.509,189.336,185.958,185.022,188.225,185.202,194.509,164.144,153.384,154.164,151.469,151.665,160.193,162.179,156.431,138.251,146.687,150.222,156.000,162.689,156.181,158.430,144.385,140.444,138.833,125.023,159.147,193.231,189.265,187.205,193.288,189.303,180.527,188.807,188.006,189.762,190.470,185.386,190.787,129.875,133.542,123.741,131.988,121.271,119.588,123.835,136.718,135.957,125.750,127.712,125.714,129.073,125.639,134.489,133.224,169.220,178.076,173.639,177.760,179.357,178.042,179.450,179.589,175.525,181.267,177.122,178.471,180.955,181.206,182.186,182.301,179.962,176.704,154.273,194.408,193.709,193.542,169.615,166.982,168.169,167.175,168.426,174.386,179.278,177.773,184.781,182.985,188.585 
102.552,102.385,97.001,100.111,96.337,98.216,100.121,93.469,98.860,99.314,108.462,109.628,57.915,46.903,0.000,47.219,59.939,164.926,154.914,161.587,186.089,176.132,171.704,172.945,162.403,178.806,176.162,191.765,193.212,188.650,186.189,159.718,162.914,160.456,169.432,158.067,157.900,159.914,161.396,162.591,161.284,163.957,155.702,156.334,167.901,185.422,187.973,188.041,187.222,188.283,188.678,186.598,187.557,185.508,185.873,188.376,189.664,187.254,176.234,155.687,147.909,147.349,193.919,186.655,184.860,183.748,187.083,184.293,193.919,164.386,158.941,160.223,153.707,152.860,163.299,167.758,163.323,143.132,151.453,155.445,160.494,164.473,160.294,163.749,143.213,141.113,140.320,125.775,158.969,192.490,187.715,189.676,191.452,187.655,178.819,185.977,185.729,187.359,189.706,185.123,190.231,134.076,136.071,128.882,138.490,125.932,122.830,126.272,141.106,138.269,128.749,135.657,126.872,133.933,131.332,135.760,136.174,165.550,180.053,174.162,177.453,179.638,180.898,178.346,180.062,175.301,180.918,178.681,179.133,181.488,181.849,183.965,181.908,178.728,177.600,157.322,193.795,194.373,194.476,165.185,165.112,165.996,163.572,163.531,174.178,178.223,177.330,181.875,181.974,187.838 
110.361,98.097,99.622,108.092,102.022,100.364,104.898,98.821,99.746,99.754,108.290,101.809,56.131,53.426,47.219,0.000,54.846,160.680,162.039,169.524,180.027,175.370,168.809,164.689,158.700,178.677,176.080,194.013,192.706,187.948,185.832,158.423,155.927,163.505,162.587,155.454,155.220,155.858,163.172,159.663,162.183,160.781,151.333,150.000,163.634,185.448,188.955,188.407,189.371,189.772,190.734,188.576,188.449,184.656,187.427,190.318,192.226,185.288,176.548,152.610,146.971,141.370,193.496,188.102,185.869,182.766,186.168,182.552,193.496,161.614,152.734,148.209,146.870,147.733,154.604,157.601,147.865,136.026,141.877,142.977,150.509,155.991,151.862,154.638,136.574,136.607,133.277,125.304,159.566,192.121,189.723,192.220,190.013,187.559,181.745,185.281,185.754,187.528,188.571,187.723,191.386,135.109,127.730,128.709,132.883,126.427,123.997,120.965,138.030,138.321,123.468,132.220,127.489,132.237,127.369,128.548,127.614,162.991,178.386,171.953,177.103,180.952,178.471,181.018,181.685,173.854,179.848,177.796,178.234,181.751,182.103,182.899,182.117,180.063,177.256,154.986,193.353,192.765,194.130,164.716,162.415,163.498,162.753,161.582,171.222,176.923,176.710,182.152,182.271,186.314 
104.279,97.719,96.407,100.382,102.029,96.809,101.085,100.549,96.094,94.273,105.924,121.615,65.304,55.236,59.939,54.846,0.000,167.373,167.003,166.026,186.409,177.135,175.927,172.700,164.366,182.226,177.485,194.539,195.300,190.524,188.334,161.602,165.740,168.064,171.611,160.736,159.324,160.866,169.750,166.090,168.074,166.300,159.974,160.931,174.201,186.595,189.245,190.275,187.325,188.165,187.999,186.644,188.021,186.469,188.719,188.290,193.008,190.887,182.748,159.002,158.782,153.704,196.483,189.970,190.151,188.044,191.750,186.710,196.483,170.398,161.070,161.776,159.141,160.248,164.390,171.022,163.978,151.245,154.894,159.019,163.765,168.941,165.138,166.545,148.576,149.504,148.208,138.216,163.337,195.197,191.336,188.898,193.842,189.944,183.593,188.601,189.740,189.343,190.087,186.377,192.909,145.014,143.216,139.966,145.735,139.081,136.870,135.783,150.375,150.661,133.339,145.871,141.245,147.445,141.120,139.780,141.973,169.642,183.359,177.097,181.349,183.780,181.450,182.174,182.961,179.921,183.173,180.944,180.971,183.297,184.727,186.574,184.060,183.039,179.719,163.181,196.417,195.470,195.277,171.112,169.304,171.865,166.661,170.114,171.257,178.029,182.701,187.173,185.868,191.214 
167.213,160.717,160.924,158.323,158.472,158.916,158.398,160.550,159.420,160.153,163.539,151.997,162.603,164.604,164.926,160.680,167.373,0.000,149.649,144.483,146.079,163.684,143.462,148.694,159.239,152.739,161.539,165.911,175.000,170.710,151.209,168.883,159.883,168.424,168.020,159.047,163.587,166.371,168.683,167.316,165.426,168.038,165.903,170.338,167.987,160.791,158.738,155.456,154.336,147.386,151.699,153.430,157.862,160.406,153.053,153.723,141.185,134.572,158.372,149.664,161.346,155.566,165.714,169.231,170.000,170.732,169.231,170.732,165.714,133.327,152.727,156.688,167.615,154.621,165.423,161.070,160.006,156.064,162.169,166.146,172.831,158.490,157.833,163.451,162.149,150.419,156.331,151.428,145.729,160.496,165.029,167.849,161.333,165.606,155.580,166.544,166.933,172.200,166.658,158.308,149.898,167.835,156.983,164.576,155.150,163.387,162.653,165.600,162.289,165.572,159.324,160.920,152.235,166.208,160.599,157.694,156.742,147.576,146.900,132.973,147.794,136.762,145.315,144.858,152.939,133.013,142.855,136.570,136.825,140.512,145.070,153.549,149.257,134.690,142.815,150.976,162.500,174.468,158.326,131.265,128.310,124.345,111.943,123.920,130.812,149.959,148.464,146.157,140.592,148.948 
174.407,162.573,165.028,167.069,167.273,165.775,171.347,169.081,168.192,163.022,161.553,157.508,160.467,163.771,154.914,162.039,167.003,149.649,0.000,123.118,143.289,119.011,114.535,144.940,167.749,136.812,134.179,129.978,146.228,144.949,156.399,110.211,126.635,117.868,131.042,112.971,124.903,111.016,117.057,132.218,123.304,112.125,115.435,123.249,138.576,142.460,136.997,131.793,132.122,124.926,125.031,131.981,134.229,134.774,136.981,129.820,142.335,107.692,83.028,125.508,134.346,137.609,135.135,121.338,111.272,109.614,128.985,115.867,135.135,126.846,141.423,132.018,145.719,137.673,140.879,145.017,152.129,148.920,136.147,150.201,142.770,141.336,141.529,138.836,145.772,141.201,151.546,158.785,136.988,162.016,152.027,147.414,150.786,137.140,121.384,131.909,143.782,103.887,147.387,141.294,123.738,154.672,149.389,153.452,153.453,161.913,158.134,154.785,164.477,153.905,148.352,153.559,158.783,156.895,156.816,147.222,154.213,125.692,131.175,122.390,129.099,133.610,123.355,135.241,134.380,128.553,147.588,125.215,129.103,126.504,127.135,128.707,133.987,128.916,129.666,160.519,164.706,144.302,156.360,139.820,125.744,127.546,129.761,131.996,136.671,130.650,119.864,107.111,105.927,121.807 
160.700,161.287,152.564,155.929,158.374,158.253,160.528,157.772,160.081,158.319,155.034,176.772,168.085,169.617,161.587,169.524,166.026,144.483,123.118,0.000,137.645,161.255,165.319,179.693,175.504,173.949,161.357,173.666,187.945,182.761,149.836,136.545,143.552,139.317,150.301,137.111,145.090,138.775,142.507,146.504,136.870,142.105,151.616,144.986,144.501,153.954,152.298,166.005,153.718,143.865,138.188,151.153,161.143,157.026,155.284,158.501,171.192,159.667,140.676,155.072,164.618,166.172,194.971,181.880,187.433,186.881,187.060,190.799,194.971,158.586,163.953,161.963,168.559,155.160,165.246,163.322,166.310,167.914,165.508,170.680,174.646,172.893,164.277,176.520,175.370,172.497,173.701,171.390,170.266,190.550,173.360,158.799,172.861,145.994,130.999,149.195,146.802,132.978,151.771,155.706,169.167,179.228,179.913,183.016,181.703,185.896,179.319,179.189,188.178,182.940,178.794,183.276,180.864,175.907,183.903,174.431,175.814,170.861,163.329,152.745,164.919,165.216,160.614,162.895,169.399,158.743,171.582,157.914,160.579,162.491,160.252,171.505,164.442,164.756,161.739,176.908,194.628,184.496,165.460,176.119,167.632,174.244,161.310,172.319,149.067,135.547,159.774,158.400,157.107,170.478 
172.615,164.585,154.898,155.260,157.472,156.992,160.102,161.907,165.001,162.261,159.040,165.328,183.479,179.454,186.089,180.027,186.409,146.079,143.289,137.645,0.000,107.945,136.721,150.647,163.072,148.100,149.548,152.469,152.157,132.867,103.116,143.011,145.425,138.465,137.340,137.224,139.402,135.173,137.270,150.548,140.976,139.885,138.979,139.741,135.361,118.240,106.091,109.654,106.354,120.051,110.815,106.843,105.925,117.423,106.258,113.941,133.410,128.336,140.311,137.571,142.270,140.175,148.847,153.605,154.660,155.667,153.605,155.667,148.847,124.498,143.990,141.034,155.758,145.188,146.485,148.771,151.231,148.510,148.000,152.847,146.144,144.546,143.632,140.384,152.866,147.313,151.631,153.012,145.767,163.528,165.021,145.132,165.624,138.338,137.403,153.400,132.466,145.032,121.640,118.017,141.360,162.037,151.819,161.145,152.489,157.433,158.638,159.732,161.061,158.668,154.290,159.902,152.510,160.390,158.933,154.731,153.692,151.570,142.586,147.501,144.228,152.694,139.019,147.935,142.836,142.271,151.490,144.128,146.894,145.716,147.389,148.279,145.216,145.416,142.054,151.316,166.667,156.380,148.197,147.542,140.925,137.331,144.782,142.243,147.606,109.481,151.939,140.162,133.148,131.151 
179.346,166.313,164.875,160.550,159.620,171.485,161.849,164.526,171.265,172.002,173.205,158.641,178.204,177.013,176.132,175.370,177.135,163.684,119.011,161.255,107.945,0.000,106.165,148.651,163.114,140.612,141.003,143.658,144.580,140.529,173.401,114.313,123.640,110.653,107.865,102.235,104.105,102.768,103.082,128.166,106.678,105.315,103.655,103.229,111.191,163.636,155.556,152.000,155.556,157.143,157.143,155.556,153.846,155.781,155.556,153.846,161.693,114.851,117.077,139.088,103.168,104.500,138.462,138.524,130.363,135.819,144.186,135.810,138.462,127.492,136.331,112.185,133.906,123.511,119.508,131.068,125.210,125.028,132.051,130.872,114.754,128.029,110.656,114.676,126.383,128.821,128.636,131.310,137.845,162.680,172.727,161.871,164.357,131.581,145.719,155.477,138.838,133.364,166.277,155.529,143.647,130.402,124.390,129.332,125.193,131.764,130.977,130.119,135.194,130.561,120.680,131.077,122.679,132.302,130.265,128.826,119.886,139.796,143.417,150.062,147.472,149.502,142.261,149.353,149.461,146.105,157.688,143.645,150.889,147.328,149.778,146.461,149.997,148.965,148.788,136.183,166.667,144.221,155.937,144.098,128.370,132.215,144.356,139.308,155.048,150.534,147.749,137.386,122.562,119.676 
179.923,167.271,169.015,170.896,169.810,172.452,173.643,177.320,173.531,171.823,173.934,170.325,172.542,172.039,171.704,168.809,175.927,143.462,114.535,165.319,136.721,106.165,0.000,98.710,130.116,93.305,105.492,124.299,135.918,151.020,168.597,145.033,154.738,146.733,147.940,140.803,145.977,136.287,143.011,156.040,142.786,140.323,133.899,148.737,145.485,161.905,143.939,139.112,139.933,140.666,140.489,139.049,141.063,147.392,143.903,137.038,136.149,104.043,126.471,130.387,142.106,142.501,133.333,119.727,122.568,122.677,127.131,121.320,133.333,119.039,139.550,142.160,147.961,142.459,137.509,150.992,147.485,148.596,149.950,146.947,145.732,147.334,136.738,141.950,145.751,138.206,150.751,160.608,119.235,166.667,156.785,158.427,157.869,172.727,142.062,163.522,173.913,142.550,165.040,161.743,124.001,152.142,147.343,149.701,141.786,146.960,145.454,149.183,154.311,154.932,141.815,148.355,138.548,150.167,147.928,137.620,132.340,108.262,117.310,120.267,110.339,113.916,112.217,115.606,113.970,106.050,118.242,104.141,113.616,101.847,120.445,110.184,117.765,102.834,113.013,136.732,163.636,131.678,143.964,93.919,98.822,94.316,108.036,101.246,120.228,122.287,110.897,111.626,107.776,105.692 
170.638,165.709,165.420,167.130,165.017,166.829,169.308,169.111,167.991,168.601,165.224,175.054,174.493,169.063,172.945,164.689,172.700,148.694,144.940,179.693,150.647,148.651,98.710,0.000,87.299,95.331,91.785,123.345,125.980,150.000,171.573,164.007,163.788,162.829,160.489,161.250,164.266,163.950,163.396,164.341,163.920,160.453,161.918,163.736,158.927,161.290,152.000,147.826,152.000,153.846,153.846,152.000,150.000,148.011,152.000,150.000,145.180,117.379,142.051,154.073,164.431,164.046,131.429,132.631,134.296,135.319,138.462,135.319,131.429,138.191,157.101,158.379,166.211,170.980,159.953,169.386,171.786,171.498,170.891,168.796,169.755,169.827,158.937,168.138,165.723,154.785,171.992,175.795,130.498,165.714,170.000,164.047,168.421,167.336,158.839,172.727,173.333,150.018,168.873,164.227,121.531,162.665,151.645,162.563,148.577,156.149,155.134,160.239,161.485,165.784,157.453,159.635,150.015,156.556,156.706,152.469,146.431,123.697,138.103,139.359,135.515,132.608,125.973,140.982,141.542,135.499,127.586,129.129,131.766,127.047,134.262,133.578,137.140,134.865,133.603,146.225,162.500,121.045,135.725,90.044,93.552,91.873,101.202,97.568,108.073,125.058,107.775,132.945,125.945,122.251 
154.120,150.858,147.001,146.737,147.669,148.502,153.932,149.873,148.970,151.737,154.923,166.933,158.803,158.140,162.403,158.700,164.366,159.239,167.749,175.504,163.072,163.114,130.116,87.299,0.000,97.303,105.972,153.991,156.111,167.742,170.266,170.858,170.949,170.531,170.557,170.911,166.582,174.544,174.219,173.371,170.953,168.711,168.127,174.668,174.026,166.271,164.762,162.478,164.688,165.643,165.747,164.756,163.721,163.115,164.780,163.676,163.028,144.157,160.599,163.998,167.729,164.531,159.184,162.264,162.963,163.636,162.264,163.636,159.184,149.423,159.095,164.089,167.466,175.079,165.573,171.980,169.647,167.470,169.593,168.482,169.868,169.924,156.512,171.075,161.864,159.323,166.071,166.468,123.943,175.510,172.397,175.693,171.669,178.947,162.379,174.574,179.661,165.937,175.446,171.424,140.614,159.606,152.150,162.213,147.307,154.759,152.934,161.345,156.530,167.956,158.206,157.480,148.843,154.857,157.426,152.040,148.212,133.986,150.478,145.788,145.736,150.038,139.946,153.352,148.643,146.283,143.958,147.035,148.789,138.997,144.853,150.935,146.762,146.646,147.879,136.867,173.913,154.943,151.649,107.071,108.134,105.028,120.382,106.928,107.864,137.439,112.367,146.690,138.513,137.058 
183.594,175.001,175.315,175.475,177.705,175.040,177.142,177.340,176.495,177.575,174.633,167.161,179.359,181.564,178.806,178.677,182.226,152.739,136.812,173.949,148.100,140.612,93.305,95.331,97.303,0.000,79.901,99.460,112.905,140.000,159.769,151.486,156.438,154.240,155.676,150.535,159.704,155.113,155.500,154.925,152.431,151.917,153.607,158.653,151.579,149.933,130.689,123.441,130.620,132.651,132.559,130.539,127.405,135.927,130.695,127.099,139.483,112.477,119.865,151.742,164.382,166.887,111.111,122.581,125.000,127.273,122.581,127.273,111.111,141.733,162.890,158.246,166.634,172.441,161.200,169.584,175.220,170.239,169.581,170.987,169.572,172.424,156.984,168.175,165.196,158.845,169.458,176.846,124.415,155.556,152.198,153.455,147.157,165.714,145.460,155.952,162.018,137.932,158.281,162.024,98.537,170.179,160.281,167.821,157.541,162.027,164.777,166.177,168.025,170.381,164.556,163.848,158.203,166.592,164.886,161.986,158.798,116.049,124.320,122.309,121.117,117.975,121.182,122.816,131.997,122.044,121.961,118.038,120.543,120.527,120.949,118.950,123.696,122.588,124.135,148.878,150.000,106.919,115.202,85.461,92.142,88.808,89.017,86.251,106.598,114.462,98.565,87.083,88.475,86.513
175.929,170.536,167.616,168.548,172.638,169.132,174.678,171.676,169.316,171.700,170.883,176.735,175.502,176.917,176.162,176.080,177.485,161.539,134.179,161.357,149.548,141.003,105.492,91.785,105.972,79.901,0.000,88.275,113.815,141.753,168.563,158.695,159.393,157.074,159.063,155.850,153.736,159.111,158.349,161.822,159.878,155.289,152.005,156.631,153.186,155.565,143.560,139.040,138.603,131.226,130.131,138.955,141.468,144.510,143.606,136.300,158.843,144.572,129.522,161.641,160.271,159.347,136.842,142.857,144.186,145.455,142.857,145.455,136.842,146.539,158.191,159.575,173.021,176.266,167.906,175.147,172.918,169.295,171.332,169.797,171.650,170.794,158.016,169.424,163.904,162.974,169.751,172.539,112.232,161.350,143.607,144.730,141.890,155.298,137.519,148.418,157.529,111.655,144.964,146.070,101.815,162.342,153.963,161.041,152.230,158.398,157.284,161.308,159.000,166.826,159.095,159.352,152.001,159.074,160.228,153.448,153.943,127.311,144.851,128.620,139.662,129.692,133.329,133.802,132.732,132.539,135.219,131.534,135.433,132.129,129.900,142.099,141.162,135.884,139.502,147.016,165.714,102.185,122.094,84.953,81.652,86.655,83.171,88.404,86.238,122.795,84.779,102.913,102.761,108.211 
196.773,189.945,191.067,189.780,192.857,189.871,191.889,191.327,193.216,191.942,189.853,186.047,193.875,192.674,191.765,194.013,194.539,165.911,129.978,173.666,152.469,143.658,124.299,123.345,153.991,99.460,88.275,0.000,55.488,135.135,165.886,154.518,157.185,152.448,154.380,154.620,159.478,158.822,158.165,157.148,155.044,152.566,156.274,157.849,153.846,147.473,127.052,118.692,127.069,124.247,123.747,126.399,122.660,124.237,127.045,122.720,138.505,127.273,117.263,168.421,168.000,167.568,100.000,114.286,117.241,120.000,114.286,120.000,100.000,162.500,169.620,168.421,181.596,181.383,170.370,179.594,182.857,182.002,179.800,182.353,175.805,181.538,167.395,176.074,177.832,175.515,181.513,183.246,143.400,150.000,116.137,117.408,128.897,162.500,126.649,141.864,156.191,105.819,138.853,141.463,68.052,178.540,174.194,177.473,173.045,176.627,178.298,178.182,178.947,178.378,176.471,177.778,175.000,179.832,177.778,174.737,173.537,141.943,142.525,136.358,139.707,134.098,136.643,140.768,149.494,140.581,144.105,133.978,139.689,139.632,139.053,139.336,136.356,139.677,142.229,166.459,142.857,56.435,80.831,133.417,134.526,138.097,131.529,130.142,140.073,133.907,119.627,84.340,96.438,88.670
198.289,191.140,190.915,190.984,191.683,190.877,190.736,191.177,193.461,191.798,189.611,186.207,193.743,193.547,193.212,192.706,195.300,175.000,146.228,187.945,152.157,144.580,135.918,125.980,156.111,112.905,113.815,55.488,0.000,137.158,171.429,158.906,162.095,157.363,155.258,159.390,163.283,158.782,158.818,162.095,159.299,155.207,163.818,158.675,151.885,154.077,140.300,133.667,140.300,143.143,143.143,140.300,137.158,140.216,140.300,137.158,142.454,129.765,125.537,166.539,168.579,168.160,104.480,117.655,120.400,122.968,117.655,122.968,104.480,160.391,170.150,166.436,179.577,181.257,170.878,179.886,183.099,179.946,177.459,182.609,175.721,181.818,167.602,176.401,178.078,175.767,181.626,183.331,147.658,152.000,142.873,141.452,157.143,156.462,146.677,164.706,157.440,127.303,161.029,154.324,110.618,178.676,174.596,177.449,173.128,176.775,178.265,178.486,179.235,178.679,176.816,178.092,175.381,180.100,178.092,175.125,173.544,143.056,143.846,145.371,141.890,140.815,134.413,142.941,148.204,143.587,146.304,143.394,141.994,144.626,145.189,137.209,143.006,142.900,143.920,169.186,145.455,54.144,77.547,141.152,142.472,145.727,144.447,142.436,152.421,146.825,133.486,109.352,109.191,107.651 
195.333,186.818,183.291,183.920,185.581,184.567,183.147,184.024,187.585,185.050,182.303,175.138,190.348,191.058,188.650,187.948,190.524,170.710,144.949,182.761,132.867,140.529,151.020,150.000,167.742,140.000,141.753,135.135,137.158,0.000,149.728,150.285,147.565,147.395,145.871,150.976,156.736,149.940,149.122,150.528,150.854,144.961,163.636,149.715,137.481,132.001,118.424,115.454,117.283,122.653,127.363,118.753,112.791,117.902,118.711,119.308,157.143,129.412,123.180,165.692,162.626,161.583,104.000,117.241,120.000,122.581,117.241,122.581,104.000,152.697,170.000,166.053,177.065,175.546,170.732,173.808,180.032,179.856,180.049,182.609,178.475,181.818,170.000,176.421,178.090,175.803,181.718,183.413,158.690,123.897,135.940,136.510,134.593,109.156,137.834,124.919,110.428,115.467,122.754,115.366,135.135,180.328,174.468,179.310,175.000,178.571,180.000,178.378,179.130,178.571,176.699,177.982,175.258,180.000,177.982,175.000,175.510,155.556,156.364,157.143,157.143,155.556,152.000,157.895,160.656,157.143,157.143,155.556,157.143,157.143,156.364,151.020,154.717,156.364,158.621,171.084,145.455,135.135,151.150,145.455,146.667,145.455,148.936,146.667,152.950,138.816,147.826,130.176,129.824,125.000 
185.974,179.242,169.591,171.602,171.949,169.014,174.731,168.759,174.260,172.070,168.800,171.429,186.837,186.864,186.189,185.832,188.334,151.209,156.399,149.836,103.116,173.401,168.597,171.573,170.266,159.769,168.563,165.886,171.429,149.728,0.000,154.642,150.664,147.850,154.189,152.130,152.265,159.375,152.559,147.467,154.838,155.560,166.354,156.911,140.309,86.818,105.117,109.103,110.445,116.248,120.471,107.139,105.758,113.082,116.743,112.205,131.810,161.276,146.607,168.646,171.014,165.008,158.621,163.636,164.706,165.714,163.636,165.714,158.621,161.885,175.363,166.513,171.022,164.707,171.234,171.492,166.909,169.792,173.738,171.555,170.644,166.527,174.713,165.994,174.013,174.328,175.807,176.717,177.018,158.621,149.262,140.935,153.957,142.110,143.005,135.678,146.226,153.538,122.768,124.848,163.092,186.359,182.997,184.125,182.975,183.875,183.503,182.127,184.198,183.797,183.507,183.460,177.823,184.592,183.759,181.781,181.913,171.034,163.126,162.776,164.290,166.252,160.465,156.646,160.903,158.201,154.657,162.062,158.461,158.345,160.765,167.853,165.844,162.820,155.107,179.327,153.846,170.732,154.415,163.633,162.831,162.790,162.024,164.109,162.762,128.270,156.723,144.498,150.973,159.721 
178.769,169.143,167.316,169.583,169.084,164.245,169.242,165.429,170.472,167.499,167.610,151.092,161.028,162.237,159.718,158.423,161.602,168.883,110.211,136.545,143.011,114.313,145.033,164.007,170.858,151.486,158.695,154.518,158.906,150.285,154.642,0.000,53.135,27.907,67.306,39.037,45.564,38.435,37.670,44.188,45.726,29.572,59.858,58.600,65.531,143.300,163.077,160.656,163.077,161.204,164.179,160.571,161.905,158.135,163.077,161.905,173.244,138.671,119.417,138.277,113.647,116.698,152.000,138.706,151.878,149.347,147.172,149.167,152.000,145.081,132.580,127.943,122.992,128.554,112.635,128.641,126.792,143.793,126.359,124.414,129.257,139.814,131.884,134.311,129.129,139.167,150.257,142.595,137.661,176.000,173.574,180.328,177.358,162.261,141.583,159.502,163.536,147.134,180.328,171.412,149.879,142.683,141.295,143.333,146.080,150.955,140.444,138.784,154.248,145.112,131.072,149.926,144.562,145.878,141.755,132.386,138.212,143.205,145.776,148.877,155.335,152.243,144.860,158.979,155.962,151.985,161.725,154.334,155.417,158.416,153.639,154.417,154.902,157.340,154.578,162.452,174.468,158.022,167.135,154.260,145.003,147.940,148.366,150.596,156.459,152.740,151.287,140.328,128.764,143.284 
184.783,172.299,166.470,168.494,170.652,169.626,171.081,167.059,174.579,171.334,173.081,154.212,163.444,161.869,162.914,155.927,165.740,159.883,126.635,143.552,145.425,123.640,154.738,163.788,170.949,156.438,159.393,157.185,162.095,147.565,150.664,53.135,0.000,53.858,49.775,59.517,44.707,54.187,59.383,38.336,59.349,54.359,67.221,63.964,54.473,127.327,158.810,156.753,158.851,159.368,157.626,159.193,157.487,153.981,158.695,158.200,177.358,143.948,124.904,135.226,97.951,108.047,152.000,138.971,144.140,141.269,147.445,141.399,152.000,137.067,121.920,116.207,118.582,125.020,109.598,120.849,123.528,133.309,124.738,117.915,119.899,134.017,120.885,124.917,119.224,126.469,142.317,131.940,145.247,176.000,168.072,171.852,177.358,158.799,144.164,157.506,148.369,147.093,174.928,160.904,153.371,138.795,129.399,136.703,135.823,141.559,132.878,132.766,139.880,131.652,124.086,136.015,135.850,137.344,131.616,123.560,134.700,150.783,156.811,155.349,161.390,157.913,154.180,165.228,164.559,161.090,160.512,161.276,158.961,164.890,157.035,161.589,159.309,162.101,161.175,153.411,174.468,161.290,169.938,160.985,154.301,153.581,149.504,152.125,156.636,146.586,148.247,139.089,139.796,144.389 
