0, 1, 2, 3, 4, 5, 6, 7, 8, 9, 10, 11, 12, 13, 14, 15, 16, 17, 18, 19, 20, 21, 22, 23, 24, 25, 26, 27, 28, 29, 30, 31, 32, 33, 34, 35, 36, 37, 38, 39, 40, 41, 42, 43, 44, 45, 46, 47, 48, 49, 50, 51, 52, 53, 54, 55, 56, 57, 58, 59, 60, 61, 62, 63, 64, 65, 66, 67, 68, 69, 70, 71, 72, 73, 74, 75, 76, 77, 78, 79, 80, 81, 82, 83, 84, 85, 86, 87, 88, 89, 90, 91, 92, 93, 94, 95, 96, 97, 98, 99, 100, 101, 102, 103, 104, 105, 106, 107, 108, 109, 110, 111, 112, 113, 114, 115, 116, 117, 118, 119, 120, 121, 122, 123, 124, 125, 126, 127, 128, 129, 130, 131, 132, 133, 134, 135, 136, 137, 138, 139, 140, 141, 142, 143, 144, 145, 146, 147, 148, 149
0.000, 620.872, 621.327, 610.899, 619.634, 612.252, 612.841, 617.438, 614.972, 617.975, 642.850, 1759.405, 1724.020, 1724.545, 1735.188, 1735.090, 1735.711, 2107.398, 1340.813, 1527.269, 1332.105, 1253.356, 1237.383, 1308.530, 1455.958, 1488.055, 1542.676, 1595.910, 1661.890, 1500.986, 1224.340, 1461.191, 1460.163, 1458.330, 1459.440, 1457.742, 1458.339, 1459.309, 1458.883, 1456.759, 1459.092, 1460.145, 1474.785, 1459.382, 1399.351, 1312.922, 1288.366, 1292.362, 1298.731, 1298.275, 1295.499, 1298.141, 1300.135, 1299.503, 1298.185, 1297.505, 1396.766, 1527.503, 1719.003, 1209.617, 1397.180, 1426.235, 1378.438, 1582.230, 1551.120, 1551.008, 1565.426, 1648.482, 1350.096, 1249.492, 1289.737, 1389.057, 1385.620, 1385.223, 1384.157, 1383.971, 1384.147, 1383.542, 1383.865, 1382.397, 1382.926, 1382.467, 1384.627, 1390.988, 1506.816, 1537.769, 1602.116, 1588.005, 1543.843, 1689.582, 1674.969, 1640.291, 1645.630, 1643.516, 1638.481, 1648.740, 1642.235, 1650.823, 1662.218, 1643.413, 1788.205, 1575.813, 1568.323, 1565.679, 1566.003, 1567.623, 1566.855, 1566.015, 1567.085, 1568.287, 1564.847, 1568.409, 1567.556, 1565.815, 1568.580, 1569.076, 1572.249, 1588.265, 1609.876, 1606.529, 1601.380, 1600.525, 1600.176, 1598.785, 1600.698, 1599.705, 1599.379, 1600.845, 1598.628, 1598.335, 1598.795, 1599.035, 1598.565, 1603.581, 1610.165, 1519.836, 1844.640, 1547.185, 1544.845, 1596.595, 1579.028, 1575.445, 1574.782, 1577.322, 1538.305, 1509.042, 1415.866, 1408.965, 1402.806, 1458.437, 
620.872, 0.000, 100.394, 90.000, 122.319, 111.423, 108.083, 123.280, 118.051, 124.077, 286.059, 1733.362, 1675.068, 1676.685, 1688.467, 1688.180, 1689.847, 2023.553, 1287.815, 1481.092, 1351.286, 1208.179, 1150.911, 1227.247, 1400.810, 1448.549, 1518.361, 1601.642, 1706.703, 1442.228, 1244.161, 1452.535, 1451.057, 1450.317, 1451.858, 1449.583, 1450.165, 1450.931, 1450.710, 1448.412, 1451.048, 1451.778, 1461.848, 1450.579, 1393.519, 1312.676, 1270.582, 1274.551, 1278.701, 1278.070, 1277.697, 1278.780, 1281.018, 1279.533, 1280.071, 1279.255, 1390.957, 1526.460, 1727.267, 1106.635, 1358.885, 1393.449, 1390.335, 1579.085, 1547.336, 1547.203, 1561.486, 1639.816, 1364.545, 1149.972, 1205.763, 1343.306, 1338.700, 1339.492, 1337.940, 1338.107, 1337.486, 1337.230, 1337.368, 1336.535, 1336.251, 1336.013, 1338.135, 1344.256, 1483.465, 1502.155, 1603.679, 1601.131, 1486.417, 1622.637, 1606.410, 1569.017, 1573.923, 1572.388, 1566.295, 1577.470, 1570.867, 1579.038, 1593.088, 1571.205, 1747.893, 1566.837, 1560.765, 1557.820, 1558.695, 1560.132, 1559.282, 1558.135, 1560.658, 1561.372, 1557.098, 1561.359, 1560.177, 1559.139, 1561.076, 1562.021, 1565.636, 1538.916, 1559.117, 1555.545, 1551.330, 1550.896, 1550.416, 1549.545, 1550.707, 1549.710, 1549.692, 1550.985, 1549.269, 1549.189, 1550.195, 1549.546, 1549.507, 1553.088, 1559.163, 1473.970, 1840.648, 1563.091, 1560.325, 1607.781, 1587.931, 1585.673, 1584.802, 1586.795, 1541.755, 1496.695, 1417.999, 1392.927, 1383.207, 1426.035, 
621.327, 100.394, 0.000, 68.418, 69.663, 60.498, 77.801, 67.000, 72.049, 71.428, 275.991, 1749.182, 1681.566, 1683.507, 1694.785, 1694.565, 1696.546, 2054.483, 1271.787, 1477.155, 1353.925, 1202.685, 1146.710, 1232.263, 1408.261, 1455.930, 1526.085, 1610.805, 1716.515, 1456.559, 1254.445, 1452.628, 1450.996, 1451.055, 1453.308, 1451.288, 1452.415, 1453.062, 1452.825, 1451.647, 1453.425, 1454.586, 1465.355, 1455.699, 1398.065, 1323.135, 1285.369, 1285.620, 1283.002, 1280.165, 1279.890, 1279.837, 1281.685, 1280.220, 1280.355, 1279.916, 1403.105, 1536.306, 1735.593, 1121.523, 1373.879, 1408.460, 1397.088, 1581.509, 1551.589, 1551.889, 1568.212, 1646.039, 1383.031, 1171.729, 1229.579, 1368.697, 1363.017, 1364.468, 1362.167, 1363.447, 1361.871, 1361.725, 1362.188, 1361.359, 1360.759, 1360.506, 1362.668, 1369.471, 1509.609, 1530.667, 1627.180, 1624.318, 1517.965, 1664.005, 1645.653, 1606.595, 1611.548, 1610.223, 1604.286, 1615.631, 1609.310, 1616.971, 1631.847, 1609.162, 1763.785, 1583.735, 1577.189, 1574.472, 1575.162, 1576.486, 1575.599, 1574.585, 1577.637, 1577.947, 1573.905, 1577.411, 1576.535, 1576.357, 1577.492, 1579.478, 1583.277, 1569.188, 1583.147, 1578.877, 1574.117, 1574.260, 1573.431, 1573.037, 1573.493, 1572.511, 1572.855, 1573.860, 1572.192, 1572.403, 1573.311, 1572.687, 1572.675, 1576.843, 1582.888, 1489.320, 1892.069, 1600.225, 1597.629, 1617.497, 1599.865, 1598.140, 1597.100, 1598.608, 1549.585, 1504.633, 1424.787, 1394.653, 1385.755, 1428.723, 
610.899, 90.000, 68.418, 0.000, 74.135, 68.022, 54.424, 73.498, 72.595, 75.888, 270.437, 1738.452, 1682.105, 1683.837, 1695.383, 1695.196, 1696.906, 2053.196, 1273.326, 1473.942, 1343.296, 1197.801, 1141.450, 1226.329, 1405.449, 1454.791, 1525.190, 1610.266, 1719.755, 1457.182, 1246.245, 1451.188, 1449.787, 1449.768, 1452.028, 1450.102, 1451.127, 1451.989, 1451.785, 1450.135, 1452.380, 1453.521, 1465.449, 1453.975, 1396.908, 1319.915, 1279.582, 1281.365, 1281.136, 1278.562, 1277.395, 1277.798, 1279.655, 1278.165, 1277.738, 1277.357, 1395.613, 1530.071, 1728.062, 1115.280, 1371.086, 1405.475, 1398.055, 1582.265, 1551.952, 1552.028, 1567.263, 1644.807, 1379.533, 1163.028, 1223.998, 1365.070, 1360.041, 1360.770, 1359.076, 1359.829, 1358.895, 1358.638, 1358.981, 1357.732, 1357.305, 1357.322, 1359.278, 1366.215, 1507.375, 1524.497, 1622.777, 1620.288, 1512.443, 1643.825, 1626.143, 1587.900, 1593.017, 1591.752, 1585.592, 1597.103, 1590.429, 1598.312, 1612.396, 1590.171, 1761.097, 1584.035, 1577.603, 1574.746, 1575.508, 1576.889, 1575.999, 1574.877, 1577.492, 1577.998, 1574.103, 1577.939, 1576.883, 1576.129, 1577.907, 1579.308, 1583.045, 1563.058, 1578.691, 1574.800, 1570.446, 1570.486, 1569.726, 1568.835, 1569.991, 1568.838, 1568.817, 1570.295, 1568.249, 1568.447, 1569.331, 1568.631, 1568.549, 1572.497, 1579.021, 1489.815, 1871.022, 1590.923, 1588.132, 1620.646, 1602.970, 1600.668, 1599.742, 1601.201, 1554.113, 1508.245, 1425.929, 1397.653, 1388.229, 1430.633, 
619.634, 122.319, 69.663, 74.135, 0.000, 32.171, 55.624, 27.713, 32.741, 30.903, 265.643, 1743.831, 1682.790, 1684.755, 1695.802, 1695.619, 1697.565, 2066.909, 1269.821, 1472.309, 1338.896, 1184.505, 1130.727, 1221.791, 1404.403, 1456.007, 1525.143, 1613.999, 1728.120, 1456.540, 1254.217, 1449.942, 1447.945, 1447.935, 1450.035, 1448.118, 1449.129, 1449.965, 1449.757, 1448.825, 1450.395, 1451.717, 1463.773, 1452.108, 1395.018, 1324.263, 1285.637, 1287.261, 1286.205, 1283.645, 1283.125, 1282.985, 1284.900, 1283.388, 1283.416, 1283.092, 1404.380, 1533.892, 1714.145, 1120.355, 1375.150, 1409.429, 1402.549, 1580.797, 1550.499, 1550.662, 1565.998, 1642.797, 1386.325, 1170.630, 1235.531, 1376.747, 1371.187, 1372.215, 1370.169, 1371.263, 1369.939, 1369.815, 1370.173, 1369.245, 1368.813, 1368.506, 1370.788, 1377.647, 1521.445, 1542.931, 1643.063, 1640.016, 1521.640, 1642.993, 1624.369, 1587.046, 1591.801, 1590.577, 1584.822, 1595.895, 1589.725, 1597.147, 1611.468, 1588.947, 1758.971, 1593.781, 1587.116, 1584.199, 1584.922, 1586.280, 1585.359, 1584.233, 1587.339, 1587.811, 1583.563, 1587.313, 1586.355, 1585.975, 1587.337, 1589.247, 1593.139, 1567.785, 1583.678, 1579.693, 1575.030, 1575.135, 1574.325, 1573.949, 1574.632, 1573.527, 1573.909, 1574.941, 1573.310, 1573.512, 1574.362, 1573.722, 1573.655, 1577.513, 1583.615, 1498.932, 1871.552, 1596.245, 1593.618, 1634.146, 1615.749, 1613.943, 1612.951, 1614.280, 1566.575, 1518.441, 1434.980, 1403.966, 1394.292, 1434.395, 
612.252, 111.423, 60.498, 68.022, 32.171, 0.000, 54.213, 30.183, 33.511, 35.327, 268.836, 1743.820, 1680.911, 1682.902, 1694.008, 1693.813, 1695.803, 2057.943, 1271.066, 1471.891, 1339.408, 1187.507, 1133.679, 1221.996, 1401.559, 1451.795, 1521.231, 1608.077, 1718.563, 1452.061, 1250.275, 1446.486, 1444.531, 1444.548, 1446.780, 1444.892, 1445.949, 1446.790, 1446.598, 1445.583, 1447.235, 1448.426, 1460.485, 1448.919, 1391.497, 1320.122, 1282.161, 1283.812, 1282.727, 1279.985, 1279.436, 1279.236, 1281.095, 1279.593, 1279.605, 1279.285, 1400.765, 1531.535, 1714.717, 1117.456, 1370.806, 1405.117, 1396.005, 1576.378, 1545.945, 1546.085, 1561.563, 1638.623, 1379.105, 1166.726, 1229.605, 1370.007, 1364.505, 1365.481, 1363.472, 1364.571, 1363.245, 1363.105, 1363.451, 1362.495, 1362.065, 1361.805, 1364.035, 1370.795, 1513.269, 1534.098, 1633.026, 1629.838, 1513.950, 1643.543, 1625.195, 1587.572, 1592.275, 1591.087, 1585.292, 1596.390, 1590.155, 1597.612, 1612.090, 1589.663, 1754.745, 1584.905, 1578.256, 1575.368, 1576.082, 1577.442, 1576.528, 1575.429, 1578.497, 1578.965, 1574.718, 1578.469, 1577.528, 1577.135, 1578.499, 1580.342, 1584.197, 1561.209, 1577.148, 1573.202, 1568.452, 1568.548, 1567.723, 1567.348, 1568.035, 1566.901, 1567.285, 1568.360, 1566.720, 1566.946, 1567.785, 1567.126, 1567.087, 1570.947, 1577.068, 1491.288, 1868.723, 1588.565, 1586.017, 1624.392, 1605.865, 1604.082, 1603.097, 1604.456, 1556.632, 1509.683, 1427.035, 1396.878, 1387.540, 1428.898, 
612.841, 108.083, 77.801, 54.424, 55.624, 54.213, 0.000, 56.675, 57.585, 58.284, 264.239, 1737.778, 1677.916, 1679.666, 1691.076, 1690.910, 1692.597, 2065.550, 1273.388, 1472.129, 1341.727, 1190.882, 1137.159, 1225.535, 1405.638, 1455.918, 1525.950, 1613.783, 1724.742, 1458.060, 1251.832, 1450.898, 1449.438, 1449.506, 1451.815, 1449.955, 1451.038, 1451.916, 1451.693, 1450.308, 1452.358, 1453.666, 1465.421, 1453.907, 1396.838, 1323.543, 1285.086, 1286.536, 1285.650, 1282.757, 1281.518, 1281.781, 1283.611, 1282.095, 1281.500, 1281.185, 1402.123, 1532.541, 1719.236, 1122.098, 1373.569, 1407.809, 1402.285, 1584.147, 1554.139, 1554.268, 1569.605, 1646.971, 1385.381, 1171.715, 1233.750, 1373.899, 1368.595, 1369.400, 1367.573, 1368.506, 1367.448, 1367.226, 1367.585, 1366.381, 1365.965, 1365.891, 1367.958, 1374.812, 1517.181, 1537.125, 1635.761, 1633.117, 1522.466, 1646.592, 1628.655, 1590.470, 1595.612, 1594.373, 1588.292, 1599.737, 1593.103, 1600.918, 1614.915, 1592.517, 1763.252, 1589.618, 1583.256, 1580.380, 1581.075, 1582.455, 1581.577, 1580.457, 1583.152, 1583.640, 1579.762, 1583.461, 1582.473, 1581.840, 1583.475, 1585.068, 1588.812, 1570.603, 1586.028, 1582.098, 1577.706, 1577.815, 1576.967, 1576.195, 1577.333, 1576.106, 1576.191, 1577.621, 1575.605, 1575.865, 1576.677, 1576.006, 1575.907, 1579.855, 1586.332, 1497.971, 1874.140, 1598.070, 1595.176, 1627.595, 1610.043, 1607.766, 1606.851, 1608.387, 1561.270, 1514.525, 1431.695, 1401.538, 1392.115, 1433.336, 
617.438, 123.280, 67.000, 73.498, 27.713, 30.183, 56.675, 0.000, 29.326, 25.942, 269.705, 1745.751, 1684.458, 1686.456, 1697.598, 1697.405, 1699.363, 2065.406, 1268.407, 1471.575, 1339.409, 1185.458, 1130.958, 1221.530, 1403.481, 1454.495, 1523.925, 1612.481, 1725.712, 1456.679, 1253.635, 1448.375, 1446.426, 1446.522, 1448.803, 1446.941, 1448.031, 1448.880, 1448.686, 1447.820, 1449.371, 1450.656, 1462.346, 1451.505, 1394.299, 1323.518, 1286.190, 1287.309, 1285.462, 1282.535, 1281.952, 1281.689, 1283.517, 1282.002, 1281.947, 1281.636, 1404.651, 1534.117, 1715.486, 1121.211, 1374.915, 1409.221, 1400.056, 1578.767, 1548.706, 1548.878, 1564.502, 1641.145, 1384.969, 1171.482, 1235.981, 1377.145, 1371.510, 1372.541, 1370.462, 1371.659, 1370.251, 1370.149, 1370.510, 1369.518, 1369.047, 1368.819, 1371.021, 1378.030, 1521.667, 1543.272, 1641.708, 1638.779, 1521.490, 1647.840, 1629.095, 1591.400, 1596.151, 1594.978, 1589.206, 1600.350, 1594.116, 1601.552, 1616.025, 1593.440, 1758.420, 1591.552, 1584.933, 1582.048, 1582.753, 1584.098, 1583.170, 1582.093, 1585.252, 1585.665, 1581.417, 1585.076, 1584.161, 1583.925, 1585.151, 1587.205, 1591.102, 1568.156, 1582.967, 1578.888, 1574.166, 1574.325, 1573.488, 1573.119, 1573.745, 1572.605, 1573.035, 1574.085, 1572.426, 1572.656, 1573.507, 1572.855, 1572.811, 1576.719, 1582.870, 1496.587, 1877.255, 1596.916, 1594.260, 1630.995, 1612.898, 1611.130, 1610.095, 1611.393, 1563.230, 1515.285, 1432.666, 1401.303, 1391.895, 1432.373, 
614.972, 118.051, 72.049, 72.595, 32.741, 33.511, 57.585, 29.326, 0.000, 25.239, 267.279, 1740.979, 1685.028, 1686.963, 1698.032, 1697.849, 1699.781, 2061.929, 1270.275, 1470.575, 1335.138, 1183.588, 1128.037, 1217.549, 1400.296, 1452.627, 1522.118, 1610.735, 1725.298, 1455.631, 1249.379, 1447.591, 1445.615, 1445.607, 1447.825, 1445.959, 1446.949, 1447.855, 1447.665, 1446.669, 1448.312, 1449.558, 1462.165, 1450.405, 1393.060, 1320.765, 1281.280, 1283.233, 1282.519, 1279.855, 1279.135, 1278.986, 1280.833, 1279.357, 1279.246, 1278.902, 1399.378, 1530.488, 1713.027, 1116.323, 1371.725, 1406.068, 1399.276, 1578.712, 1548.245, 1548.349, 1563.556, 1640.426, 1381.795, 1165.552, 1230.105, 1371.595, 1366.145, 1367.001, 1365.079, 1366.095, 1364.856, 1364.720, 1365.048, 1364.049, 1363.656, 1363.357, 1365.613, 1372.486, 1516.169, 1537.141, 1636.779, 1633.956, 1516.669, 1637.408, 1618.888, 1581.590, 1586.316, 1585.163, 1579.367, 1590.491, 1584.235, 1591.679, 1605.965, 1583.569, 1757.091, 1590.267, 1583.670, 1580.699, 1581.436, 1582.825, 1581.911, 1580.779, 1583.811, 1584.319, 1580.085, 1583.881, 1582.898, 1582.433, 1583.878, 1585.692, 1589.559, 1562.977, 1579.275, 1575.336, 1570.665, 1570.743, 1569.919, 1569.498, 1570.295, 1569.143, 1569.496, 1570.615, 1568.920, 1569.115, 1569.969, 1569.315, 1569.263, 1573.040, 1579.233, 1494.319, 1866.199, 1589.938, 1587.305, 1630.967, 1612.492, 1610.622, 1609.627, 1610.845, 1563.717, 1516.007, 1432.122, 1401.360, 1391.795, 1432.095, 
617.975, 124.077, 71.428, 75.888, 30.903, 35.327, 58.284, 25.942, 25.239, 0.000, 268.408, 1742.873, 1683.165, 1685.166, 1696.238, 1696.041, 1698.030, 2064.980, 1269.049, 1471.655, 1337.245, 1183.598, 1129.376, 1220.076, 1402.905, 1454.418, 1523.708, 1612.983, 1727.540, 1456.991, 1253.228, 1448.456, 1446.486, 1446.557, 1448.795, 1446.941, 1447.977, 1448.876, 1448.655, 1447.779, 1449.325, 1450.619, 1462.977, 1451.573, 1394.296, 1323.235, 1284.647, 1286.076, 1284.627, 1281.760, 1281.125, 1280.868, 1282.712, 1281.229, 1281.148, 1280.809, 1403.466, 1533.462, 1714.126, 1119.685, 1373.943, 1408.242, 1401.081, 1579.956, 1549.727, 1549.869, 1565.365, 1642.108, 1385.290, 1169.832, 1234.353, 1375.753, 1370.171, 1371.171, 1369.133, 1370.270, 1368.929, 1368.795, 1369.168, 1368.169, 1367.732, 1367.467, 1369.696, 1376.658, 1520.767, 1541.992, 1641.575, 1638.693, 1521.411, 1643.309, 1624.540, 1586.976, 1591.740, 1590.603, 1584.823, 1595.945, 1589.746, 1597.142, 1611.526, 1588.995, 1759.000, 1592.566, 1585.942, 1583.013, 1583.725, 1585.091, 1584.168, 1583.051, 1586.148, 1586.589, 1582.396, 1586.085, 1585.145, 1584.789, 1586.131, 1588.069, 1591.956, 1568.145, 1583.499, 1579.490, 1574.763, 1574.895, 1574.025, 1573.679, 1574.367, 1573.222, 1573.635, 1574.710, 1573.035, 1573.258, 1574.095, 1573.461, 1573.425, 1577.266, 1583.427, 1497.347, 1873.845, 1595.663, 1593.001, 1632.265, 1613.997, 1612.212, 1611.211, 1612.437, 1564.752, 1517.039, 1433.443, 1401.939, 1392.440, 1432.649, 
642.850, 286.059, 275.991, 270.437, 265.643, 268.836, 264.239, 269.704, 267.279, 268.408, 0.000, 1747.693, 1693.935, 1695.245, 1706.301, 1706.236, 1707.567, 2066.795, 1268.849, 1452.486, 1318.083, 1169.912, 1112.123, 1204.475, 1387.119, 1436.447, 1503.876, 1592.423, 1711.785, 1441.779, 1239.206, 1436.253, 1435.075, 1434.795, 1436.125, 1433.901, 1434.668, 1435.335, 1434.965, 1433.263, 1435.581, 1437.125, 1444.073, 1433.997, 1377.248, 1312.965, 1264.199, 1266.385, 1267.126, 1265.532, 1263.667, 1265.529, 1267.403, 1265.940, 1265.045, 1264.475, 1381.925, 1512.650, 1692.277, 1106.565, 1356.557, 1388.788, 1381.183, 1562.452, 1532.455, 1532.600, 1547.755, 1626.500, 1363.075, 1156.563, 1223.569, 1360.820, 1355.832, 1356.207, 1354.781, 1355.353, 1354.676, 1354.335, 1354.913, 1353.473, 1352.871, 1353.306, 1355.085, 1362.433, 1503.051, 1525.569, 1624.815, 1629.147, 1506.019, 1622.658, 1604.277, 1566.167, 1571.677, 1570.058, 1563.827, 1575.458, 1568.848, 1576.975, 1590.606, 1568.065, 1743.508, 1573.571, 1568.219, 1565.393, 1565.917, 1567.392, 1566.427, 1565.485, 1567.715, 1568.461, 1564.661, 1568.335, 1567.348, 1566.447, 1568.546, 1569.692, 1573.789, 1552.985, 1568.660, 1564.535, 1560.388, 1559.961, 1559.471, 1558.539, 1559.766, 1558.666, 1558.486, 1559.959, 1558.261, 1557.986, 1558.759, 1558.310, 1558.226, 1562.295, 1568.566, 1481.309, 1853.305, 1579.170, 1575.945, 1623.950, 1605.696, 1603.060, 1601.915, 1604.225, 1554.492, 1505.907, 1419.286, 1386.909, 1377.469, 1417.191, 
1759.405, 1733.362, 1749.182, 1738.452, 1743.831, 1743.820, 1737.778, 1745.751, 1740.979, 1742.873, 1747.693, 0.000, 1193.768, 1194.441, 1207.922, 1207.668, 1204.905, 2422.235, 1819.180, 1569.360, 1533.083, 1529.445, 1614.359, 1667.101, 1850.123, 1925.085, 1998.873, 2090.347, 2131.486, 2040.429, 1610.440, 1773.853, 1774.823, 1774.296, 1774.880, 1774.441, 1773.179, 1774.923, 1775.026, 1766.240, 1773.132, 1776.852, 1747.062, 1762.425, 1790.481, 1809.263, 1605.975, 1625.528, 1651.319, 1654.375, 1649.412, 1652.396, 1655.017, 1653.445, 1654.177, 1654.379, 1350.902, 1350.662, 2071.797, 1776.479, 1554.622, 1555.432, 1852.680, 2164.281, 2123.865, 2124.709, 2138.242, 2247.802, 1785.656, 1832.652, 1650.563, 1549.257, 1553.020, 1546.703, 1551.580, 1547.562, 1553.015, 1552.469, 1550.993, 1548.297, 1549.969, 1550.068, 1552.041, 1552.001, 1603.433, 1732.905, 1778.792, 1775.782, 2190.193, 1663.317, 1659.955, 1614.452, 1624.037, 1626.815, 1622.351, 1629.805, 1625.495, 1628.753, 1630.285, 1623.612, 2432.198, 1917.705, 1918.709, 1914.902, 1915.718, 1917.227, 1917.365, 1915.602, 1910.458, 1913.499, 1912.565, 1919.645, 1917.815, 1908.137, 1918.628, 1910.885, 1912.726, 2257.883, 2314.478, 2316.340, 2308.288, 2304.712, 2304.446, 2302.052, 2307.287, 2306.522, 2304.146, 2307.639, 2305.251, 2304.709, 2304.273, 2304.243, 2304.995, 2310.477, 2318.767, 2005.011, 2029.576, 2004.278, 2008.595, 1925.285, 1910.268, 1903.555, 1905.338, 1899.881, 1965.047, 1961.475, 1801.999, 1836.557, 1826.742, 1862.600, 
1724.020, 1675.068, 1681.566, 1682.105, 1682.790, 1680.911, 1677.916, 1684.458, 1685.028, 1683.165, 1693.935, 1193.768, 0.000, 46.303, 93.124, 93.579, 100.955, 2099.119, 1696.410, 1437.487, 1521.595, 1412.005, 1513.429, 1518.211, 1617.092, 1636.842, 1718.911, 1769.726, 1769.865, 1698.251, 1561.975, 1500.099, 1500.115, 1503.710, 1507.132, 1506.903, 1507.498, 1508.056, 1507.029, 1502.205, 1506.267, 1509.647, 1485.541, 1501.688, 1503.570, 1606.662, 1467.246, 1472.549, 1474.869, 1472.207, 1470.283, 1469.695, 1471.216, 1470.191, 1471.705, 1471.137, 1449.710, 1423.875, 1839.795, 1652.785, 1332.687, 1326.836, 1592.009, 1852.973, 1818.422, 1820.540, 1838.483, 1936.397, 1548.588, 1695.339, 1551.307, 1446.233, 1442.577, 1442.418, 1441.059, 1442.495, 1442.202, 1441.292, 1441.919, 1441.436, 1442.282, 1440.596, 1444.635, 1443.465, 1509.912, 1583.077, 1575.711, 1552.980, 1930.556, 1667.011, 1657.186, 1594.850, 1602.928, 1604.377, 1599.081, 1609.465, 1605.345, 1608.410, 1623.443, 1607.167, 2081.307, 1571.568, 1563.722, 1561.508, 1561.320, 1562.236, 1562.949, 1561.075, 1559.173, 1560.905, 1559.016, 1564.332, 1562.969, 1557.875, 1563.699, 1559.553, 1560.918, 1996.392, 2026.235, 2026.361, 2016.305, 2014.155, 2013.070, 2011.636, 2014.767, 2013.616, 2012.877, 2015.582, 2013.503, 2014.062, 2013.771, 2012.832, 2014.863, 2021.306, 2028.405, 1742.792, 1989.560, 1803.706, 1810.235, 1511.379, 1490.206, 1488.371, 1490.897, 1489.095, 1542.708, 1530.926, 1436.812, 1464.969, 1457.037, 1489.203, 
1724.545, 1676.685, 1683.507, 1683.837, 1684.755, 1682.902, 1679.666, 1686.456, 1686.963, 1685.166, 1695.245, 1194.441, 46.303, 0.000, 73.878, 74.034, 76.066, 2099.007, 1698.425, 1435.780, 1519.997, 1411.345, 1513.139, 1517.235, 1616.259, 1636.355, 1718.511, 1769.137, 1769.532, 1698.622, 1560.247, 1500.897, 1501.382, 1504.941, 1508.341, 1508.081, 1508.691, 1509.246, 1508.212, 1502.975, 1507.438, 1510.855, 1483.790, 1502.419, 1504.300, 1606.248, 1467.185, 1472.561, 1475.407, 1472.798, 1470.621, 1470.302, 1471.831, 1470.777, 1472.021, 1471.442, 1448.745, 1423.427, 1839.073, 1652.529, 1332.361, 1325.623, 1592.270, 1852.255, 1817.965, 1820.092, 1837.650, 1935.522, 1548.058, 1694.900, 1551.075, 1446.005, 1442.582, 1442.205, 1441.087, 1442.249, 1442.248, 1441.279, 1441.958, 1441.238, 1442.085, 1440.595, 1444.461, 1443.479, 1508.893, 1580.918, 1572.833, 1550.548, 1930.687, 1664.439, 1655.125, 1592.410, 1600.765, 1602.270, 1596.657, 1607.378, 1602.866, 1606.288, 1620.948, 1604.682, 2082.056, 1571.133, 1563.478, 1561.263, 1561.086, 1561.980, 1562.739, 1560.890, 1558.595, 1560.296, 1558.773, 1564.135, 1562.718, 1557.269, 1563.439, 1558.916, 1560.285, 1996.262, 2026.241, 2026.402, 2016.547, 2014.331, 2013.256, 2011.640, 2014.985, 2013.845, 2012.905, 2015.811, 2013.522, 2014.070, 2013.808, 2012.841, 2014.882, 2021.295, 2028.600, 1743.642, 1987.368, 1802.845, 1809.220, 1510.160, 1489.410, 1487.176, 1489.739, 1488.358, 1541.955, 1529.909, 1435.718, 1464.935, 1456.925, 1489.490, 
1735.188, 1688.467, 1694.785, 1695.383, 1695.802, 1694.008, 1691.076, 1697.598, 1698.032, 1696.238, 1706.301, 1207.922, 93.124, 73.878, 0.000, 21.190, 43.290, 2101.141, 1707.656, 1434.887, 1518.031, 1410.322, 1515.955, 1516.503, 1615.255, 1637.288, 1719.110, 1768.101, 1769.216, 1700.975, 1559.805, 1501.441, 1501.095, 1504.691, 1508.117, 1507.895, 1508.425, 1509.007, 1507.942, 1503.488, 1507.223, 1510.663, 1480.766, 1503.258, 1503.448, 1605.615, 1465.490, 1470.976, 1473.282, 1470.598, 1468.988, 1468.041, 1469.583, 1468.546, 1470.335, 1469.788, 1447.042, 1421.305, 1833.939, 1659.379, 1332.686, 1323.833, 1593.675, 1851.622, 1816.925, 1819.090, 1836.912, 1934.678, 1549.123, 1701.298, 1556.916, 1450.362, 1446.670, 1446.413, 1445.075, 1446.445, 1446.261, 1445.312, 1445.969, 1445.431, 1446.248, 1444.697, 1448.726, 1447.566, 1510.352, 1579.830, 1570.515, 1548.722, 1935.925, 1661.116, 1651.381, 1588.736, 1596.768, 1598.210, 1593.071, 1603.422, 1599.401, 1602.271, 1617.339, 1601.117, 2084.229, 1572.010, 1563.622, 1561.353, 1561.158, 1562.020, 1562.852, 1560.946, 1559.205, 1560.858, 1558.823, 1564.269, 1562.855, 1557.875, 1563.565, 1559.565, 1560.795, 2000.748, 2030.881, 2030.926, 2020.720, 2018.515, 2017.390, 2016.020, 2019.209, 2018.029, 2017.288, 2020.056, 2017.968, 2018.512, 2018.239, 2017.282, 2019.345, 2025.795, 2032.866, 1749.817, 1985.772, 1803.280, 1810.159, 1508.908, 1487.912, 1486.202, 1488.846, 1486.547, 1542.715, 1529.303, 1435.043, 1463.877, 1455.582, 1487.773, 
1735.090, 1688.180, 1694.565, 1695.196, 1695.619, 1693.813, 1690.910, 1697.405, 1697.849, 1696.041, 1706.236, 1207.668, 93.579, 74.034, 21.190, 0.000, 41.677, 2101.276, 1706.629, 1434.611, 1517.768, 1409.941, 1515.948, 1517.193, 1616.080, 1637.531, 1719.261, 1768.227, 1769.058, 1700.498, 1560.128, 1501.247, 1500.956, 1504.530, 1507.947, 1507.731, 1508.248, 1508.852, 1507.778, 1503.283, 1507.039, 1510.466, 1481.117, 1503.093, 1503.312, 1605.819, 1465.670, 1471.149, 1473.496, 1470.773, 1469.165, 1468.247, 1469.779, 1468.746, 1470.525, 1469.972, 1447.719, 1421.987, 1834.422, 1659.005, 1332.562, 1323.811, 1593.496, 1851.482, 1816.781, 1818.953, 1836.785, 1934.518, 1549.042, 1700.926, 1556.766, 1450.379, 1446.708, 1446.461, 1445.107, 1446.495, 1446.288, 1445.358, 1445.989, 1445.470, 1446.305, 1444.713, 1448.767, 1447.608, 1510.599, 1579.659, 1570.538, 1548.995, 1935.746, 1661.603, 1651.852, 1589.248, 1597.275, 1598.743, 1593.571, 1603.921, 1599.860, 1602.737, 1617.858, 1601.630, 2084.258, 1571.878, 1563.471, 1561.215, 1561.037, 1561.867, 1562.710, 1560.800, 1559.055, 1560.673, 1558.673, 1564.096, 1562.689, 1557.706, 1563.401, 1559.392, 1560.656, 2000.705, 2030.830, 2030.870, 2020.663, 2018.453, 2017.352, 2015.967, 2019.142, 2017.971, 2017.236, 2020.009, 2017.909, 2018.465, 2018.180, 2017.232, 2019.269, 2025.743, 2032.815, 1749.395, 1985.929, 1803.016, 1809.855, 1508.256, 1487.238, 1485.520, 1488.152, 1485.893, 1542.241, 1528.919, 1434.571, 1463.669, 1455.383, 1487.892, 
1735.711, 1689.847, 1696.546, 1696.906, 1697.565, 1695.803, 1692.597, 1699.363, 1699.781, 1698.030, 1707.567, 1204.904, 100.955, 76.066, 43.290, 41.677, 0.000, 2102.157, 1707.326, 1433.628, 1518.399, 1410.600, 1516.905, 1517.752, 1616.147, 1637.192, 1719.615, 1768.365, 1769.512, 1701.195, 1558.881, 1501.132, 1501.360, 1504.865, 1508.159, 1507.957, 1508.432, 1509.006, 1507.932, 1502.915, 1507.153, 1510.636, 1481.350, 1502.741, 1503.190, 1605.235, 1465.476, 1470.865, 1473.749, 1471.203, 1469.405, 1468.865, 1470.407, 1469.380, 1470.882, 1470.351, 1447.157, 1421.717, 1835.295, 1659.149, 1332.642, 1323.901, 1593.818, 1851.917, 1817.456, 1819.635, 1837.161, 1935.075, 1548.900, 1701.378, 1556.599, 1449.811, 1446.427, 1445.935, 1444.843, 1445.876, 1446.021, 1445.055, 1445.706, 1444.960, 1445.738, 1444.479, 1448.227, 1447.351, 1510.178, 1578.825, 1569.968, 1548.511, 1936.416, 1661.422, 1652.102, 1589.146, 1597.557, 1598.929, 1593.485, 1604.121, 1599.768, 1602.978, 1617.718, 1601.487, 2085.371, 1572.402, 1564.296, 1562.070, 1561.883, 1562.713, 1563.597, 1561.657, 1559.561, 1561.183, 1559.529, 1564.928, 1563.517, 1558.242, 1564.239, 1559.891, 1561.142, 2000.865, 2031.025, 2031.033, 2021.035, 2018.801, 2017.728, 2016.153, 2019.535, 2018.338, 2017.430, 2020.360, 2018.095, 2018.611, 2018.338, 2017.438, 2019.432, 2025.968, 2033.157, 1750.555, 1985.680, 1803.627, 1810.225, 1509.366, 1488.815, 1486.625, 1489.218, 1487.443, 1542.977, 1530.108, 1434.948, 1464.747, 1456.425, 1488.857, 
2107.398, 2023.553, 2054.483, 2053.196, 2066.909, 2057.943, 2065.550, 2065.406, 2061.929, 2064.980, 2066.795, 2422.235, 2099.119, 2099.007, 2101.141, 2101.276, 2102.157, 0.000, 2233.262, 1911.991, 2037.223, 1951.253, 1865.993, 1719.537, 1626.463, 1581.168, 1613.549, 1660.738, 1743.336, 1801.573, 1860.697, 1754.415, 1755.659, 1759.250, 1758.831, 1754.257, 1752.886, 1750.560, 1750.195, 1742.086, 1749.432, 1743.248, 1720.261, 1720.360, 1721.907, 1737.522, 1712.851, 1727.855, 1744.208, 1754.192, 1764.366, 1763.853, 1767.781, 1767.685, 1776.439, 1774.038, 1811.787, 1892.355, 2009.277, 1812.320, 1681.385, 1665.105, 1641.229, 1733.606, 1707.787, 1710.690, 1707.865, 1742.546, 1565.803, 1790.889, 1706.448, 1630.428, 1628.148, 1631.795, 1628.482, 1629.389, 1626.169, 1626.055, 1625.590, 1629.452, 1630.673, 1625.757, 1632.585, 1628.571, 1599.873, 1675.681, 1631.709, 1614.346, 1689.255, 1829.905, 1822.386, 1779.943, 1783.335, 1779.335, 1776.921, 1783.381, 1780.847, 1784.345, 1804.257, 1791.977, 1738.798, 1540.068, 1533.601, 1531.748, 1531.913, 1532.802, 1534.870, 1531.933, 1532.518, 1537.056, 1529.538, 1535.715, 1533.050, 1532.477, 1533.722, 1532.527, 1532.512, 1706.587, 1724.219, 1725.375, 1716.397, 1712.671, 1713.670, 1713.269, 1713.947, 1713.671, 1714.066, 1714.992, 1714.812, 1713.747, 1714.830, 1715.185, 1716.311, 1719.469, 1723.963, 1657.492, 2012.458, 1602.987, 1605.378, 1576.533, 1545.188, 1546.190, 1544.451, 1547.145, 1546.915, 1517.263, 1533.211, 1561.412, 1552.958, 1533.365, 
1340.813, 1287.815, 1271.787, 1273.326, 1269.821, 1271.066, 1273.388, 1268.407, 1270.275, 1269.049, 1268.849, 1819.180, 1696.410, 1698.425, 1707.656, 1706.629, 1707.326, 2233.262, 0.000, 1129.397, 1347.138, 1129.932, 1104.063, 1227.697, 1431.462, 1448.373, 1512.239, 1564.555, 1628.951, 1285.883, 1218.182, 1276.415, 1277.755, 1282.111, 1288.785, 1288.798, 1293.469, 1293.647, 1293.661, 1292.056, 1294.160, 1297.623, 1370.845, 1306.037, 1275.956, 1308.353, 1196.205, 1174.813, 1136.488, 1122.835, 1117.985, 1113.678, 1112.477, 1110.897, 1106.782, 1108.561, 1425.473, 1480.653, 1728.065, 1096.686, 1183.547, 1244.246, 1270.452, 1367.422, 1351.925, 1352.998, 1371.031, 1435.937, 1304.119, 1188.067, 1199.335, 1352.928, 1341.307, 1347.085, 1340.528, 1349.266, 1341.045, 1341.048, 1343.019, 1344.673, 1343.612, 1340.840, 1344.121, 1352.962, 1580.810, 1561.922, 1697.358, 1707.251, 1484.032, 1783.272, 1763.169, 1709.462, 1715.827, 1716.612, 1709.147, 1723.275, 1716.281, 1722.500, 1740.879, 1714.746, 1659.659, 1518.406, 1513.470, 1512.166, 1512.416, 1513.080, 1510.985, 1512.066, 1512.176, 1510.980, 1512.340, 1511.595, 1512.573, 1511.629, 1513.276, 1516.932, 1520.198, 1544.379, 1521.986, 1516.898, 1510.515, 1513.565, 1511.315, 1511.240, 1510.145, 1510.091, 1509.806, 1511.533, 1509.495, 1511.283, 1511.240, 1509.947, 1510.485, 1517.680, 1522.547, 1351.547, 2042.252, 1594.925, 1590.856, 1626.708, 1615.639, 1616.055, 1612.729, 1617.445, 1532.107, 1450.821, 1367.701, 1354.088, 1359.847, 1417.978, 
1527.269, 1481.092, 1477.155, 1473.942, 1472.309, 1471.891, 1472.129, 1471.575, 1470.575, 1471.655, 1452.486, 1569.360, 1437.487, 1435.780, 1434.887, 1434.611, 1433.628, 1911.991, 1129.397, 0.000, 1072.332, 888.109, 891.306, 946.115, 1122.473, 1205.409, 1276.927, 1340.555, 1392.691, 1345.390, 1074.439, 936.900, 940.880, 947.052, 954.820, 955.738, 960.393, 960.641, 961.016, 959.258, 961.420, 965.837, 974.611, 955.120, 962.615, 1188.884, 986.222, 973.144, 949.180, 935.214, 927.667, 924.186, 923.538, 923.459, 920.547, 922.616, 900.615, 899.745, 1299.633, 1301.836, 953.617, 938.578, 1051.137, 1210.697, 1187.891, 1190.101, 1208.440, 1299.928, 1061.191, 1378.129, 1259.540, 1171.018, 1161.323, 1159.003, 1157.901, 1161.305, 1160.105, 1159.565, 1161.428, 1158.242, 1157.095, 1158.637, 1160.513, 1173.372, 1279.959, 1394.311, 1377.865, 1361.281, 1579.116, 1445.558, 1430.725, 1352.119, 1364.795, 1365.311, 1359.265, 1373.778, 1366.605, 1371.719, 1389.275, 1368.217, 1633.215, 1269.678, 1255.345, 1252.119, 1251.785, 1251.835, 1251.042, 1251.543, 1250.310, 1250.466, 1251.362, 1252.879, 1252.135, 1250.632, 1254.373, 1257.439, 1260.060, 1603.968, 1595.761, 1591.122, 1579.585, 1578.349, 1577.597, 1575.533, 1577.287, 1576.315, 1574.971, 1578.131, 1575.661, 1576.442, 1575.770, 1575.176, 1577.067, 1587.548, 1596.465, 1337.938, 1806.512, 1445.715, 1445.173, 1301.223, 1291.782, 1288.408, 1286.147, 1285.848, 1252.745, 1190.293, 1039.932, 1008.285, 1006.665, 1022.383, 
1332.105, 1351.286, 1353.925, 1343.296, 1338.896, 1339.408, 1341.727, 1339.409, 1335.138, 1337.245, 1318.083, 1533.083, 1521.595, 1519.997, 1518.031, 1517.768, 1518.399, 2037.223, 1347.138, 1072.332, 0.000, 711.945, 764.127, 893.513, 1139.381, 1244.125, 1339.898, 1442.933, 1562.926, 1493.189, 902.105, 1045.105, 1037.082, 1034.903, 1031.251, 1028.751, 1028.331, 1028.875, 1029.902, 1031.349, 1030.569, 1032.821, 1000.706, 1012.939, 1000.549, 1003.529, 1067.166, 1076.965, 1102.275, 1107.453, 1108.411, 1106.973, 1110.518, 1110.025, 1116.340, 1116.472, 1007.153, 988.741, 1058.383, 1332.166, 1250.451, 1243.218, 1220.057, 1344.805, 1307.190, 1307.299, 1314.226, 1400.828, 1183.777, 1384.738, 1391.050, 1428.838, 1422.860, 1417.455, 1417.561, 1417.068, 1419.183, 1418.551, 1418.560, 1417.615, 1419.512, 1417.796, 1423.078, 1431.000, 1533.896, 1612.047, 1552.877, 1493.875, 1654.409, 1235.818, 1202.086, 1177.169, 1181.276, 1182.659, 1180.927, 1188.006, 1185.591, 1186.043, 1192.627, 1180.297, 1669.727, 1468.298, 1451.070, 1445.715, 1446.233, 1447.722, 1446.133, 1445.487, 1445.582, 1447.373, 1443.400, 1450.307, 1447.892, 1444.236, 1450.241, 1451.330, 1455.435, 1642.787, 1666.288, 1666.855, 1657.169, 1652.848, 1653.075, 1652.482, 1655.615, 1654.618, 1654.205, 1655.601, 1655.466, 1654.095, 1654.002, 1654.767, 1655.451, 1660.678, 1668.251, 1572.640, 1541.608, 1388.145, 1390.725, 1507.103, 1485.698, 1483.846, 1483.546, 1476.490, 1480.905, 1390.705, 1203.468, 1199.433, 1181.638, 1197.648, 
1253.356, 1208.179, 1202.685, 1197.801, 1184.505, 1187.507, 1190.882, 1185.458, 1183.588, 1183.598, 1169.912, 1529.445, 1412.005, 1411.345, 1410.322, 1409.941, 1410.600, 1951.253, 1129.932, 888.109, 711.945, 0.000, 504.734, 687.834, 959.851, 1061.988, 1136.081, 1283.005, 1405.510, 1251.170, 902.738, 851.285, 847.379, 846.106, 844.055, 841.114, 841.282, 842.118, 843.050, 842.922, 843.540, 848.080, 857.646, 828.835, 828.978, 929.199, 937.586, 940.103, 950.053, 951.945, 949.630, 951.162, 954.173, 953.736, 957.416, 956.432, 1036.966, 1047.731, 1001.155, 1080.013, 997.258, 987.940, 1022.002, 1124.311, 1090.521, 1090.828, 1101.545, 1187.037, 1008.549, 1161.131, 1215.806, 1250.961, 1243.048, 1239.025, 1239.503, 1239.595, 1240.637, 1240.005, 1240.882, 1239.023, 1239.641, 1240.105, 1243.339, 1255.822, 1391.133, 1466.222, 1466.298, 1434.855, 1448.588, 1243.635, 1215.639, 1172.386, 1179.427, 1178.107, 1174.330, 1184.679, 1180.856, 1184.900, 1199.055, 1177.248, 1442.385, 1277.887, 1263.595, 1260.030, 1259.866, 1260.546, 1259.485, 1258.845, 1258.996, 1260.051, 1258.005, 1262.493, 1261.378, 1257.935, 1263.085, 1264.865, 1269.705, 1436.748, 1446.811, 1444.757, 1436.090, 1433.559, 1433.071, 1433.218, 1435.056, 1434.355, 1433.556, 1435.140, 1434.705, 1434.015, 1433.270, 1433.745, 1434.712, 1441.137, 1448.049, 1341.963, 1530.259, 1276.617, 1271.798, 1383.509, 1366.097, 1363.220, 1362.165, 1357.467, 1350.635, 1235.876, 1067.912, 1053.526, 1034.818, 1046.703, 
1237.383, 1150.911, 1146.710, 1141.450, 1130.727, 1133.679, 1137.159, 1130.958, 1128.037, 1129.376, 1112.123, 1614.359, 1513.429, 1513.139, 1515.955, 1515.948, 1516.905, 1865.993, 1104.063, 891.306, 764.127, 504.734, 0.000, 463.257, 837.376, 965.555, 1045.522, 1229.271, 1380.211, 1189.306, 879.257, 851.741, 849.376, 849.049, 849.763, 849.150, 850.054, 851.605, 852.354, 853.502, 853.394, 856.866, 874.196, 853.377, 802.017, 912.215, 852.391, 851.998, 857.272, 854.437, 848.278, 850.952, 852.082, 851.913, 851.939, 850.933, 960.325, 1008.821, 1030.129, 986.463, 929.470, 934.290, 963.713, 1065.367, 1034.356, 1033.863, 1044.255, 1128.176, 952.920, 1075.309, 1107.366, 1146.089, 1135.421, 1133.019, 1131.919, 1133.695, 1132.989, 1132.885, 1133.575, 1132.518, 1132.851, 1132.263, 1136.333, 1149.835, 1296.443, 1389.660, 1400.481, 1381.918, 1343.863, 1203.328, 1174.015, 1122.959, 1129.795, 1129.447, 1124.089, 1137.001, 1131.617, 1136.375, 1154.257, 1128.619, 1362.017, 1219.721, 1210.827, 1206.575, 1206.821, 1207.985, 1206.773, 1205.696, 1206.969, 1207.968, 1205.406, 1209.538, 1207.470, 1206.145, 1210.019, 1212.920, 1218.335, 1331.911, 1334.465, 1331.378, 1322.559, 1320.295, 1319.515, 1319.618, 1320.735, 1320.267, 1319.719, 1321.425, 1319.967, 1319.575, 1319.067, 1319.749, 1320.395, 1327.267, 1335.620, 1233.593, 1541.826, 1239.715, 1236.600, 1322.965, 1303.900, 1300.767, 1298.975, 1297.430, 1268.879, 1168.181, 1012.900, 972.359, 950.213, 959.359, 
1308.530, 1227.247, 1232.263, 1226.329, 1221.791, 1221.996, 1225.535, 1221.530, 1217.549, 1220.076, 1204.475, 1667.101, 1518.211, 1517.235, 1516.503, 1517.193, 1517.752, 1719.537, 1227.697, 946.115, 893.513, 687.834, 463.257, 0.000, 528.844, 729.181, 870.498, 992.719, 1178.879, 1024.251, 816.431, 776.031, 773.756, 774.475, 778.578, 780.548, 781.483, 784.922, 785.584, 785.156, 786.732, 787.593, 795.034, 783.192, 721.692, 799.892, 753.800, 759.390, 768.293, 762.457, 752.099, 754.652, 753.165, 753.050, 751.185, 751.227, 909.060, 1029.805, 1042.966, 878.249, 839.260, 837.976, 811.742, 923.555, 886.878, 885.234, 893.355, 979.296, 774.282, 941.803, 937.850, 986.949, 974.919, 973.073, 971.093, 974.083, 972.493, 972.164, 973.096, 972.443, 973.310, 970.611, 977.101, 987.909, 1104.571, 1166.475, 1170.732, 1150.407, 1156.330, 1116.882, 1089.627, 1030.212, 1035.893, 1034.986, 1028.848, 1044.095, 1037.379, 1043.316, 1066.840, 1039.546, 1176.126, 1018.361, 1007.283, 1002.149, 1003.005, 1004.522, 1003.541, 1001.369, 1003.127, 1005.281, 1001.130, 1006.678, 1004.183, 1002.367, 1006.032, 1008.699, 1013.032, 1122.906, 1123.346, 1120.841, 1109.545, 1107.158, 1105.802, 1106.547, 1108.068, 1107.142, 1106.749, 1109.130, 1107.155, 1107.173, 1107.179, 1107.230, 1108.576, 1115.865, 1124.630, 1050.882, 1413.849, 1047.629, 1044.728, 1178.609, 1158.295, 1156.015, 1154.465, 1151.768, 1125.778, 1036.503, 873.738, 841.200, 815.626, 807.112, 
1455.958, 1400.810, 1408.261, 1405.449, 1404.403, 1401.559, 1405.638, 1403.481, 1400.296, 1402.905, 1387.119, 1850.123, 1617.092, 1616.259, 1615.255, 1616.080, 1616.147, 1626.463, 1431.462, 1122.473, 1139.381, 959.851, 837.376, 528.844, 0.000, 450.976, 732.408, 827.677, 997.691, 967.773, 963.737, 833.219, 833.761, 838.100, 844.712, 847.988, 850.259, 854.316, 854.689, 853.940, 856.289, 854.424, 839.404, 838.656, 777.571, 829.816, 865.395, 865.134, 862.293, 852.682, 841.352, 842.924, 838.753, 839.344, 835.962, 835.987, 1085.045, 1193.206, 1124.962, 960.634, 884.095, 879.267, 729.533, 808.475, 779.323, 776.587, 784.627, 858.945, 706.977, 1006.292, 955.025, 1015.491, 1002.383, 1002.604, 999.729, 1003.708, 1001.085, 1001.039, 1003.073, 1001.573, 1001.456, 999.221, 1005.357, 1015.812, 1101.195, 1128.535, 1091.706, 1080.718, 1054.835, 1274.488, 1252.552, 1189.338, 1193.635, 1191.236, 1185.096, 1200.447, 1193.370, 1200.279, 1226.977, 1200.756, 1008.008, 866.615, 853.835, 849.582, 850.413, 851.554, 850.342, 848.720, 852.217, 854.554, 849.310, 853.237, 850.629, 852.469, 852.229, 858.260, 861.226, 1016.985, 1000.104, 997.275, 984.404, 983.123, 980.947, 980.942, 982.240, 981.117, 981.352, 983.597, 980.979, 982.162, 981.919, 981.581, 983.612, 992.647, 1001.756, 954.513, 1474.269, 969.050, 966.231, 1124.043, 1111.775, 1111.022, 1109.291, 1105.521, 1100.798, 1007.243, 905.031, 839.727, 813.941, 748.591, 
1488.055, 1448.549, 1455.930, 1454.791, 1456.007, 1451.795, 1455.918, 1454.495, 1452.627, 1454.418, 1436.447, 1925.085, 1636.842, 1636.355, 1637.288, 1637.531, 1637.192, 1581.168, 1448.373, 1205.409, 1244.125, 1061.988, 965.555, 729.181, 450.976, 0.000, 555.362, 705.911, 845.219, 857.739, 1053.090, 820.431, 824.232, 830.216, 837.863, 842.102, 844.815, 848.597, 848.648, 845.794, 850.616, 847.635, 825.832, 826.886, 775.961, 876.997, 966.947, 960.800, 950.825, 940.254, 930.078, 931.896, 927.679, 928.543, 924.954, 924.698, 1202.963, 1288.062, 1179.839, 983.720, 917.434, 909.067, 642.968, 685.266, 664.257, 661.552, 671.967, 738.576, 643.401, 1011.050, 965.931, 1048.085, 1036.058, 1036.810, 1033.767, 1037.958, 1034.915, 1035.213, 1037.385, 1034.948, 1034.773, 1034.135, 1037.308, 1049.348, 1127.873, 1113.686, 1056.817, 1057.267, 993.901, 1363.489, 1342.178, 1274.188, 1278.386, 1276.052, 1268.533, 1285.619, 1277.757, 1285.335, 1314.508, 1287.501, 876.710, 736.638, 724.961, 721.850, 723.385, 723.485, 722.582, 721.609, 724.648, 725.592, 722.546, 724.420, 722.945, 725.704, 724.469, 731.105, 732.968, 977.098, 932.254, 928.982, 916.267, 916.043, 913.062, 912.493, 913.128, 912.399, 912.248, 914.372, 910.951, 912.971, 912.738, 912.475, 914.069, 925.763, 935.314, 838.900, 1533.730, 923.834, 918.382, 1042.483, 1033.316, 1032.607, 1030.385, 1029.061, 992.646, 913.586, 837.472, 813.135, 787.187, 712.032, 
